9 3491 -3897 1
15 -5507 -8230 1
19 4556 -9276 1
9 3398 -3934 2
15 -5376 -8176 2
19 4334 -9281 2
9 3284 -3985 3
15 -5214 -8109 3
19 4066 -9288 3
9 3160 -4047 4
15 -5035 -8035 4
19 3774 -9294 4
9 3032 -4113 5
15 -4848 -7957 5
19 3474 -9297 5
9 2902 -4182 6
15 -4657 -7878 6
19 3173 -9295 6
9 2770 -4251 7
15 -4464 -7798 7
19 2872 -9284 7
9 2631 -4321 8
15 -4269 -7718 8
19 2572 -9266 8
9 2477 -4393 9
15 -4072 -7636 9
19 2272 -9242 9
9 2300 -4470 10
15 -3874 -7554 10
19 1975 -9215 10
9 2095 -4555 11
15 -3676 -7470 11
19 1679 -9188 11
9 1864 -4652 12
15 -3481 -7385 12
19 1386 -9160 12
9 1613 -4760 13
15 -3297 -7299 13
19 1097 -9131 13
9 1353 -4870 14
15 -3126 -7211 14
19 813 -9100 14
9 1095 -4974 15
15 -2969 -7122 15
19 537 -9066 15
9 844 -5065 16
15 -2822 -7031 16
19 271 -9026 16
9 596 -5142 17
11 4345 -12730 17
15 -2680 -6939 17
19 14 -8981 17
9 353 -5209 18
11 4280 -12641 18
15 -2541 -6846 18
19 -237 -8931 18
9 121 -5266 19
11 4202 -12533 19
15 -2402 -6754 19
19 -482 -8880 19
9 -89 -5308 20
11 4115 -12414 20
15 -2267 -6664 20
19 -721 -8825 20
9 -268 -5334 21
11 4025 -12291 21
15 -2140 -6581 21
19 -949 -8765 21
9 -417 -5343 22
11 3934 -12166 22
12 5409 -11587 22
15 -2027 -6507 22
19 -1156 -8694 22
9 -544 -5340 23
11 3843 -12040 23
12 5340 -11503 23
15 -1928 -6444 23
19 -1330 -8609 23
9 -655 -5331 24
11 3752 -11914 24
12 5256 -11401 24
15 -1843 -6392 24
19 -1459 -8506 24
9 -754 -5322 25
11 3660 -11788 25
12 5163 -11289 25
15 -1771 -6351 25
19 -1538 -8388 25
9 -838 -5316 26
11 3568 -11661 26
12 5067 -11173 26
15 -1708 -6318 26
19 -1568 -8261 26
9 -902 -5317 27
11 3476 -11534 27
12 4970 -11055 27
15 -1652 -6290 27
19 -1554 -8131 27
9 -948 -5323 28
11 3383 -11406 28
12 4873 -10937 28
15 -1599 -6265 28
19 -1502 -8001 28
9 -979 -5334 29
11 3290 -11278 29
12 4775 -10819 29
15 -1546 -6242 29
19 -1422 -7874 29
9 -1003 -5347 30
11 3197 -11150 30
12 4677 -10700 30
15 -1494 -6218 30
19 -1322 -7748 30
9 -1025 -5361 31
11 3104 -11021 31
12 4579 -10581 31
15 -1442 -6195 31
19 -1211 -7623 31
9 -1045 -5375 32
11 3011 -10891 32
12 4481 -10462 32
15 -1389 -6171 32
19 -1095 -7497 32
9 -1065 -5390 33
11 2917 -10761 33
12 4383 -10342 33
15 -1337 -6148 33
19 -977 -7370 33
9 -1085 -5404 34
11 2822 -10631 34
12 4284 -10222 34
15 -1284 -6124 34
19 -858 -7242 34
9 -1105 -5418 35
11 2728 -10500 35
12 4185 -10102 35
15 -1231 -6100 35
19 -737 -7112 35
9 -1125 -5432 36
11 2633 -10369 36
12 4086 -9981 36
15 -1178 -6076 36
19 -615 -6981 36
9 -1145 -5446 37
11 2538 -10238 37
12 3987 -9860 37
15 -1125 -6052 37
19 -492 -6848 37
9 -1165 -5460 38
11 2443 -10105 38
12 3888 -9739 38
15 -1072 -6028 38
19 -367 -6714 38
9 -1185 -5475 39
11 2347 -9973 39
12 3788 -9618 39
15 -1020 -6006 39
19 -241 -6579 39
9 -1205 -5489 40
11 2251 -9840 40
12 3688 -9496 40
15 -973 -5985 40
19 -114 -6442 40
9 -1225 -5503 41
11 2155 -9706 41
12 3588 -9373 41
13 4829 -12843 41
15 -933 -5968 41
19 15 -6303 41
9 -1245 -5517 42
11 2058 -9572 42
12 3488 -9251 42
13 4786 -12765 42
15 -904 -5956 42
19 144 -6163 42
9 -1265 -5531 43
11 1961 -9437 43
12 3387 -9128 43
13 4730 -12659 43
15 -884 -5950 43
19 273 -6018 43
9 -1284 -5544 44
11 1864 -9302 44
12 3287 -9005 44
13 4663 -12530 44
15 -873 -5947 44
19 398 -5870 44
9 -1302 -5556 45
11 1766 -9166 45
12 3187 -8884 45
13 4589 -12387 45
15 -866 -5947 45
19 514 -5718 45
9 -1317 -5567 46
11 1668 -9031 46
12 3089 -8765 46
13 4511 -12235 46
15 -860 -5948 46
19 612 -5564 46
9 -1329 -5575 47
11 1570 -8898 47
12 2994 -8650 47
13 4432 -12080 47
15 -855 -5949 47
19 680 -5413 47
9 -1338 -5580 48
11 1473 -8769 48
12 2901 -8539 48
13 4352 -11925 48
15 -850 -5950 48
19 709 -5271 48
9 -1344 -5583 49
11 1376 -8647 49
12 2810 -8430 49
13 4269 -11771 49
15 -845 -5951 49
19 695 -5140 49
9 -1350 -5585 50
11 1282 -8534 50
12 2719 -8323 50
13 4180 -11622 50
15 -840 -5952 50
19 643 -5024 50
9 -1354 -5586 51
11 1190 -8431 51
12 2629 -8216 51
13 4080 -11483 51
15 -835 -5953 51
19 556 -4927 51
9 -1358 -5588 52
11 1101 -8339 52
12 2539 -8109 52
13 3967 -11358 52
15 -830 -5954 52
19 438 -4850 52
9 -1363 -5589 53
11 1016 -8255 53
12 2449 -8001 53
13 3843 -11246 53
15 -825 -5955 53
19 291 -4794 53
9 -1367 -5591 54
11 933 -8178 54
12 2358 -7894 54
13 3718 -11138 54
15 -820 -5956 54
19 127 -4752 54
9 -1372 -5592 55
11 851 -8105 55
12 2267 -7786 55
13 3606 -11026 55
15 -815 -5957 55
19 -47 -4717 55
9 -1376 -5594 56
11 769 -8032 56
12 2176 -7677 56
13 3514 -10901 56
15 -809 -5958 56
19 -224 -4683 56
9 -1380 -5595 57
11 688 -7960 57
12 2085 -7569 57
13 3446 -10762 57
15 -804 -5959 57
19 -407 -4647 57
9 -1385 -5597 58
11 611 -7886 58
12 1995 -7460 58
13 3394 -10611 58
15 -799 -5960 58
19 -600 -4611 58
9 -1389 -5599 59
11 540 -7808 59
12 1907 -7352 59
13 3353 -10452 59
15 -794 -5961 59
19 -810 -4579 59
9 -1394 -5600 60
11 482 -7724 60
12 1827 -7245 60
13 3317 -10291 60
15 -789 -5962 60
19 -1034 -4553 60
9 -1398 -5602 61
11 441 -7631 61
12 1759 -7141 61
13 3288 -10129 61
15 -784 -5963 61
19 -1262 -4532 61
9 -1403 -5604 62
11 415 -7528 62
12 1708 -7041 62
13 3268 -9967 62
15 -779 -5964 62
19 -1483 -4516 62
9 -1407 -5605 63
11 394 -7418 63
12 1668 -6945 63
13 3262 -9807 63
15 -774 -5964 63
19 -1695 -4500 63
9 -1411 -5607 64
11 371 -7304 64
12 1634 -6851 64
13 3270 -9648 64
15 -769 -5965 64
19 -1900 -4486 64
9 -1416 -5608 65
11 341 -7188 65
12 1598 -6759 65
13 3288 -9489 65
15 -764 -5966 65
19 -2102 -4472 65
9 -1420 -5610 66
11 305 -7071 66
12 1558 -6668 66
13 3312 -9330 66
15 -758 -5967 66
19 -2301 -4461 66
9 -1425 -5611 67
11 268 -6954 67
12 1519 -6576 67
13 3339 -9171 67
15 -753 -5968 67
19 -2500 -4453 67
9 -1429 -5613 68
11 237 -6835 68
12 1486 -6483 68
13 3368 -9012 68
15 -748 -5969 68
19 -2696 -4451 68
9 -1433 -5614 69
11 219 -6716 69
12 1468 -6390 69
13 3400 -8856 69
15 -743 -5970 69
19 -2892 -4454 69
9 -1438 -5616 70
11 219 -6596 70
12 1470 -6296 70
13 3435 -8703 70
15 -738 -5971 70
19 -3085 -4461 70
9 -1441 -5617 71
11 238 -6476 71
12 1493 -6200 71
13 3474 -8554 71
15 -733 -5972 71
19 -3278 -4470 71
9 -1444 -5618 72
11 271 -6354 72
12 1532 -6102 72
13 3515 -8408 72
15 -728 -5973 72
19 -3467 -4481 72
9 -1445 -5617 73
11 312 -6231 73
12 1578 -6002 73
13 3559 -8262 73
15 -723 -5974 73
19 -3651 -4493 73
9 -1444 -5615 74
11 359 -6108 74
12 1626 -5898 74
13 3603 -8116 74
15 -718 -5975 74
19 -3820 -4512 74
9 -1441 -5612 75
11 411 -5984 75
12 1671 -5787 75
13 3647 -7968 75
15 -713 -5976 75
19 -3965 -4541 75
9 -1435 -5608 76
11 474 -5860 76
12 1712 -5666 76
13 3692 -7820 76
15 -708 -5977 76
19 -4076 -4585 76
9 -1429 -5604 77
11 549 -5736 77
12 1750 -5537 77
13 3738 -7670 77
15 -703 -5978 77
19 -4154 -4643 77
9 -1422 -5599 78
11 637 -5612 78
12 1789 -5406 78
13 3784 -7518 78
15 -699 -5979 78
19 -4205 -4712 78
9 -1415 -5594 79
11 736 -5488 79
12 1835 -5278 79
13 3830 -7366 79
15 -695 -5980 79
19 -4237 -4785 79
9 -1409 -5589 80
11 840 -5364 80
12 1894 -5159 80
13 3877 -7212 80
15 -693 -5980 80
19 -4252 -4860 80
9 -1402 -5584 81
11 947 -5238 81
12 1964 -5051 81
13 3924 -7056 81
15 -692 -5981 81
19 -4248 -4935 81
9 -1395 -5579 82
11 1056 -5111 82
12 2045 -4951 82
13 3972 -6899 82
15 -693 -5981 82
19 -4229 -5010 82
9 -1388 -5574 83
11 1167 -4983 83
12 2131 -4855 83
13 4023 -6741 83
15 -693 -5982 83
19 -4196 -5084 83
9 -1381 -5569 84
11 1279 -4854 84
12 2220 -4760 84
13 4080 -6581 84
15 -694 -5982 84
19 -4153 -5160 84
9 -1374 -5564 85
11 1395 -4727 85
12 2311 -4666 85
13 4150 -6421 85
15 -693 -5982 85
19 -4101 -5239 85
9 -1367 -5559 86
11 1517 -4601 86
12 2407 -4571 86
13 4237 -6262 86
15 -690 -5980 86
19 -4040 -5323 86
9 -1360 -5554 87
11 1646 -4479 87
12 2510 -4476 87
13 4347 -6104 87
15 -680 -5977 87
19 -3971 -5411 87
9 -1352 -5549 88
11 1783 -4360 88
12 2622 -4383 88
13 4477 -5949 88
15 -664 -5970 88
19 -3896 -5502 88
9 -1340 -5545 89
11 1926 -4244 89
12 2745 -4289 89
13 4622 -5797 89
15 -639 -5960 89
19 -3817 -5594 89
9 -1322 -5542 90
11 2073 -4128 90
12 2875 -4197 90
13 4778 -5647 90
15 -608 -5947 90
19 -3737 -5687 90
9 -1295 -5540 91
11 2223 -4012 91
12 3010 -4104 91
13 4940 -5496 91
15 -575 -5933 91
19 -3658 -5780 91
9 -1263 -5539 92
11 2374 -3895 92
12 3148 -4011 92
13 5105 -5345 92
15 -540 -5919 92
19 -3578 -5873 92
9 -1228 -5538 93
11 2527 -3777 93
12 3287 -3915 93
13 5273 -5191 93
15 -504 -5905 93
19 -3497 -5963 93
9 -1197 -5536 94
11 2682 -3658 94
12 3430 -3816 94
13 5443 -5036 94
15 -469 -5890 94
19 -3410 -6051 94
9 -1176 -5532 95
11 2838 -3537 95
12 3579 -3708 95
13 5615 -4879 95
15 -433 -5875 95
19 -3310 -6134 95
9 -1166 -5525 96
11 2996 -3417 96
12 3737 -3585 96
13 5789 -4721 96
15 -398 -5861 96
19 -3191 -6212 96
9 -1162 -5517 97
11 3155 -3297 97
12 3910 -3446 97
13 5965 -4560 97
15 -362 -5846 97
19 -3049 -6284 97
9 -1164 -5508 98
11 3316 -3180 98
12 4097 -3297 98
13 6145 -4397 98
15 -326 -5831 98
19 -2890 -6354 98
9 -1167 -5498 99
11 3479 -3067 99
12 4297 -3150 99
13 6332 -4232 99
15 -291 -5817 99
19 -2722 -6421 99
9 -1170 -5488 100
11 3644 -2959 100
12 4503 -3012 100
13 6529 -4065 100
15 -255 -5802 100
19 -2549 -6487 100
9 -1173 -5478 101
11 3810 -2854 101
12 4712 -2887 101
13 6738 -3895 101
15 -219 -5788 101
19 -2375 -6553 101
9 -1177 -5468 102
11 3978 -2751 102
12 4917 -2772 102
13 6962 -3722 102
15 -183 -5773 102
19 -2200 -6619 102
9 -1180 -5458 103
11 4148 -2647 103
12 5113 -2668 103
13 7196 -3546 103
15 -148 -5758 103
19 -2025 -6685 103
9 -1185 -5447 104
11 4319 -2542 104
12 5293 -2578 104
13 7438 -3368 104
15 -114 -5744 104
19 -1849 -6750 104
9 -1193 -5434 105
11 4492 -2437 105
12 5458 -2500 105
13 7684 -3187 105
15 -85 -5732 105
19 -1673 -6815 105
9 -1205 -5418 106
11 4666 -2330 106
12 5611 -2430 106
13 7933 -3007 106
15 -64 -5722 106
19 -1495 -6879 106
9 -1226 -5400 107
11 4842 -2224 107
12 5759 -2366 107
13 8180 -2831 107
15 -55 -5716 107
19 -1313 -6940 107
9 -1255 -5386 108
11 5018 -2117 108
12 5905 -2303 108
13 8420 -2666 108
15 -58 -5714 108
19 -1128 -6997 108
9 -1293 -5383 109
11 5194 -2013 109
12 6053 -2238 109
13 8650 -2517 109
15 -69 -5714 109
19 -938 -7051 109
9 -1335 -5399 110
11 5369 -1911 110
12 6206 -2168 110
13 8868 -2384 110
15 -85 -5716 110
19 -744 -7102 110
9 -1378 -5433 111
11 5543 -1813 111
12 6366 -2090 111
13 9079 -2263 111
15 -103 -5718 111
19 -549 -7151 111
9 -1414 -5476 112
11 5716 -1716 112
12 6536 -2001 112
13 9286 -2148 112
15 -121 -5721 112
19 -352 -7200 112
9 -1437 -5517 113
11 5890 -1620 113
12 6718 -1900 113
13 9493 -2034 113
15 -139 -5724 113
19 -151 -7250 113
9 -1446 -5551 114
11 6064 -1524 114
12 6907 -1789 114
13 9702 -1920 114
15 -155 -5727 114
19 55 -7300 114
9 -1446 -5580 115
11 6240 -1427 115
12 7102 -1674 115
13 9913 -1805 115
15 -170 -5731 115
19 270 -7352 115
9 -1439 -5604 116
11 6418 -1329 116
12 7299 -1558 116
13 10125 -1689 116
15 -181 -5736 116
16 8260 -8786 116
19 495 -7406 116
9 -1431 -5627 117
11 6597 -1230 117
12 7496 -1443 117
13 10340 -1572 117
15 -189 -5741 117
16 8103 -8748 117
19 727 -7465 117
9 -1422 -5649 118
11 6777 -1131 118
12 7691 -1332 118
13 10558 -1454 118
15 -195 -5747 118
16 7894 -8693 118
19 957 -7529 118
9 -1412 -5671 119
11 6960 -1030 119
12 7885 -1223 119
13 10777 -1334 119
15 -200 -5754 119
16 7644 -8616 119
19 1183 -7598 119
9 -1403 -5693 120
11 7144 -929 120
12 8079 -1117 120
13 10999 -1213 120
15 -205 -5760 120
16 7367 -8515 120
19 1405 -7670 120
9 -1394 -5715 121
11 7329 -826 121
12 8273 -1012 121
13 11223 -1091 121
15 -209 -5767 121
16 7076 -8396 121
19 1623 -7744 121
9 -1385 -5738 122
11 7517 -723 122
12 8468 -906 122
13 11450 -968 122
15 -213 -5774 122
16 6781 -8268 122
19 1841 -7819 122
9 -1377 -5760 123
11 7706 -619 123
12 8664 -800 123
13 11679 -843 123
15 -218 -5781 123
16 6488 -8139 123
19 2058 -7894 123
9 -1370 -5785 124
11 7896 -514 124
12 8861 -694 124
13 11910 -717 124
15 -222 -5787 124
16 6203 -8015 124
19 2277 -7970 124
9 -1366 -5812 125
11 8089 -408 125
12 9056 -588 125
13 12144 -590 125
15 -226 -5794 125
16 5929 -7901 125
19 2496 -8046 125
9 -1366 -5842 126
11 8283 -301 126
12 9247 -484 126
13 12380 -461 126
15 -230 -5801 126
16 5666 -7796 126
19 2716 -8122 126
9 -1370 -5877 127
11 8479 -193 127
12 9431 -383 127
13 12619 -331 127
15 -235 -5807 127
16 5416 -7697 127
19 2937 -8198 127
9 -1377 -5914 128
11 8677 -84 128
12 9608 -286 128
13 12860 -199 128
15 -239 -5814 128
16 5180 -7600 128
19 3159 -8275 128
9 -1386 -5952 129
11 8877 26 129
12 9780 -190 129
13 13105 -66 129
15 -243 -5821 129
16 4963 -7502 129
19 3381 -8352 129
9 -1395 -5991 130
11 9079 137 130
12 9949 -96 130
13 13351 68 130
15 -248 -5827 130
16 4763 -7402 130
19 3605 -8428 130
9 -1405 -6030 131
11 9283 249 131
12 10119 -2 131
13 13597 202 131
15 -252 -5834 131
16 4575 -7300 131
19 3831 -8503 131
9 -1414 -6068 132
11 9488 362 132
12 10289 93 132
13 13839 332 132
15 -256 -5841 132
16 4396 -7197 132
19 4062 -8574 132
9 -1423 -6107 133
11 9693 475 133
12 10461 189 133
13 14071 456 133
15 -259 -5848 133
16 4219 -7094 133
17 6660 -10798 133
19 4301 -8636 133
9 -1433 -6146 134
11 9897 587 134
12 10634 285 134
13 14288 570 134
15 -261 -5856 134
16 4043 -6990 134
17 6535 -10763 134
19 4553 -8686 134
9 -1442 -6184 135
11 10095 696 135
12 10809 383 135
13 14489 673 135
15 -260 -5866 135
16 3866 -6887 135
17 6376 -10705 135
19 4816 -8725 135
9 -1451 -6223 136
11 10284 799 136
12 10985 481 136
13 14679 768 136
15 -255 -5879 136
16 3686 -6783 136
17 6194 -10623 136
19 5089 -8755 136
9 -1461 -6261 137
11 10465 897 137
12 11162 579 137
13 14863 859 137
15 -246 -5894 137
16 3500 -6680 137
17 5996 -10523 137
19 5368 -8781 137
9 -1470 -6299 138
11 10639 991 138
12 11341 679 138
13 15045 949 138
15 -234 -5911 138
16 3307 -6576 138
17 5790 -10412 138
19 5652 -8805 138
9 -1479 -6337 139
11 10811 1083 139
12 11521 779 139
13 15222 1038 139
15 -221 -5928 139
16 3106 -6473 139
17 5580 -10296 139
19 5938 -8828 139
9 -1488 -6375 140
11 10982 1175 140
12 11703 880 140
13 15390 1124 140
15 -207 -5947 140
16 2899 -6370 140
17 5367 -10178 140
19 6227 -8852 140
9 -1498 -6413 141
11 11155 1267 141
12 11886 983 141
13 15539 1206 141
15 -192 -5965 141
16 2690 -6267 141
17 5154 -10061 141
19 6518 -8877 141
9 -1507 -6451 142
11 11328 1361 142
12 12071 1086 142
13 15661 1281 142
15 -178 -5984 142
16 2480 -6164 142
17 4941 -9943 142
19 6812 -8901 142
9 -1516 -6489 143
11 11503 1454 143
12 12258 1189 143
13 15756 1349 143
15 -164 -6006 143
16 2269 -6062 143
17 4728 -9826 143
19 7106 -8925 143
9 -1525 -6527 144
11 11679 1549 144
12 12446 1294 144
13 15831 1412 144
15 -151 -6036 144
16 2058 -5961 144
17 4516 -9708 144
19 7392 -8949 144
9 -1533 -6565 145
11 11856 1644 145
12 12636 1400 145
13 15894 1471 145
15 -139 -6078 145
16 1844 -5865 145
17 4304 -9591 145
19 7654 -8971 145
9 -1539 -6604 146
11 12035 1740 146
12 12827 1506 146
13 15949 1524 146
15 -129 -6138 146
16 1625 -5777 146
17 4092 -9474 146
19 7871 -8989 146
9 -1538 -6647 147
11 12216 1837 147
12 13020 1614 147
13 15991 1568 147
15 -121 -6217 147
16 1400 -5699 147
17 3881 -9358 147
19 8024 -9002 147
9 -1525 -6697 148
11 12398 1935 148
12 13214 1722 148
13 16009 1595 148
15 -114 -6308 148
16 1169 -5631 148
17 3670 -9241 148
9 -1495 -6756 149
11 12580 2033 149
12 13410 1831 149
13 15994 1600 149
15 -108 -6405 149
16 934 -5571 149
17 3460 -9125 149
9 -1449 -6825 150
11 12762 2130 150
12 13608 1941 150
13 15943 1585 150
15 -102 -6505 150
16 697 -5516 150
17 3250 -9012 150
9 -1391 -6900 151
11 12940 2223 151
12 13808 2053 151
13 15861 1552 151
15 -95 -6605 151
16 460 -5463 151
17 3040 -8906 151
9 -1326 -6979 152
11 13108 2309 152
12 14009 2165 152
13 15747 1505 152
15 -85 -6702 152
16 224 -5410 152
17 2831 -8811 152
9 -1259 -7059 153
11 13262 2386 153
12 14212 2278 153
13 15597 1445 153
15 -67 -6793 153
16 -11 -5358 153
17 2622 -8734 153
9 -1192 -7139 154
11 13403 2451 154
12 14417 2392 154
13 15403 1370 154
15 -33 -6875 154
16 -245 -5305 154
17 2415 -8673 154
9 -1124 -7219 155
11 13533 2509 155
12 14623 2506 155
13 15167 1282 155
15 22 -6943 155
16 -478 -5253 155
17 2208 -8624 155
9 -1057 -7299 156
11 13658 2563 156
12 14828 2621 156
13 14902 1184 156
15 98 -6998 156
16 -709 -5201 156
17 2003 -8582 156
9 -989 -7378 157
11 13781 2616 157
12 15029 2733 157
13 14623 1081 157
15 189 -7043 157
16 -937 -5151 157
17 1799 -8542 157
9 -923 -7455 158
11 13904 2668 158
12 15218 2839 158
13 14340 977 158
15 289 -7084 158
16 -1160 -5102 158
17 1596 -8504 158
9 -857 -7527 159
11 14028 2720 159
12 15392 2937 159
13 14059 874 159
15 392 -7123 159
16 -1377 -5055 159
17 1393 -8466 159
9 -792 -7590 160
11 14152 2773 160
12 15551 3027 160
13 13780 772 160
15 496 -7163 160
16 -1587 -5011 160
17 1192 -8428 160
9 -728 -7640 161
11 14277 2826 161
12 15697 3111 161
13 13505 670 161
15 599 -7204 161
16 -1793 -4968 161
17 991 -8390 161
9 -666 -7678 162
11 14402 2880 162
12 15838 3191 162
13 13232 570 162
15 701 -7246 162
16 -1995 -4926 162
17 792 -8352 162
9 -606 -7706 163
11 14528 2933 163
12 15977 3271 163
13 12962 471 163
15 804 -7290 163
16 -2197 -4885 163
17 593 -8315 163
9 -546 -7730 164
11 14655 2987 164
12 16115 3351 164
13 12695 373 164
15 908 -7334 164
16 -2397 -4844 164
17 396 -8278 164
9 -485 -7752 165
11 14782 3041 165
12 16255 3431 165
13 12430 276 165
15 1017 -7381 165
16 -2596 -4803 165
17 199 -8241 165
9 -425 -7773 166
11 14910 3095 166
12 16395 3512 166
13 12168 180 166
15 1135 -7431 166
16 -2795 -4762 166
17 3 -8204 166
9 -365 -7794 167
11 15038 3150 167
12 16537 3593 167
13 11909 85 167
15 1265 -7485 167
16 -2993 -4721 167
17 -192 -8167 167
9 -305 -7816 168
11 15167 3204 168
12 16679 3674 168
13 11653 -9 168
15 1408 -7543 168
16 -3191 -4681 168
17 -386 -8130 168
9 -243 -7840 169
11 15293 3259 169
12 16822 3757 169
13 11398 -102 169
15 1559 -7604 169
16 -3388 -4640 169
17 -580 -8094 169
9 -179 -7868 170
11 15413 3312 170
12 16964 3838 170
13 11147 -194 170
15 1716 -7667 170
16 -3584 -4600 170
17 -772 -8058 170
9 -109 -7905 171
11 15522 3362 171
12 17104 3918 171
13 10898 -285 171
15 1875 -7731 171
16 -3780 -4559 171
17 -964 -8022 171
9 -32 -7953 172
11 15614 3408 172
12 17236 3992 172
13 10651 -376 172
15 2035 -7795 172
16 -3974 -4519 172
17 -1155 -7986 172
9 52 -8012 173
11 15689 3450 173
12 17351 4053 173
13 10407 -465 173
15 2195 -7859 173
16 -4168 -4479 173
17 -1345 -7950 173
9 142 -8080 174
11 15752 3489 174
12 17443 4097 174
13 10165 -554 174
15 2356 -7924 174
16 -4358 -4438 174
17 -1535 -7914 174
9 234 -8153 175
11 15808 3526 175
12 17513 4124 175
13 9923 -644 175
15 2517 -7988 175
16 -4543 -4398 175
17 -1724 -7879 175
9 327 -8227 176
11 15862 3562 176
12 17565 4138 176
13 9679 -736 176
15 2679 -8053 176
16 -4723 -4358 176
17 -1911 -7843 176
9 420 -8302 177
11 15915 3599 177
12 17608 4146 177
13 9431 -832 177
15 2842 -8119 177
16 -4895 -4317 177
17 -2096 -7807 177
9 513 -8380 178
11 15968 3635 178
12 17647 4151 178
13 9174 -936 178
15 3008 -8187 178
16 -5063 -4277 178
17 -2275 -7768 178
9 606 -8463 179
11 16022 3672 179
12 17686 4155 179
13 8910 -1047 179
15 3177 -8257 179
16 -5229 -4236 179
17 -2442 -7721 179
9 697 -8558 180
11 16075 3709 180
12 17724 4159 180
13 8642 -1162 180
15 3350 -8330 180
16 -5393 -4195 180
17 -2593 -7663 180
9 786 -8668 181
11 16129 3746 181
12 17763 4164 181
13 8373 -1279 181
15 3525 -8404 181
16 -5557 -4155 181
17 -2733 -7595 181
9 873 -8793 182
11 16182 3782 182
12 17801 4168 182
13 8106 -1396 182
15 3702 -8479 182
16 -5720 -4114 182
17 -2876 -7520 182
9 959 -8928 183
11 16236 3820 183
12 17840 4172 183
13 7841 -1512 183
15 3880 -8555 183
16 -5883 -4074 183
17 -3035 -7447 183
9 1044 -9069 184
11 16290 3856 184
12 17878 4176 184
13 7579 -1626 184
15 4058 -8631 184
16 -6045 -4033 184
17 -3212 -7379 184
9 1129 -9211 185
11 16342 3892 185
12 17916 4180 185
13 7320 -1739 185
15 4237 -8708 185
16 -6208 -3993 185
17 -3402 -7316 185
9 1212 -9353 186
11 16389 3925 186
12 17951 4184 186
13 7065 -1851 186
15 4415 -8785 186
16 -6370 -3952 186
17 -3597 -7254 186
9 1296 -9495 187
11 16428 3952 187
12 17978 4184 187
13 6812 -1962 187
15 4590 -8863 187
16 -6532 -3912 187
17 -3793 -7194 187
9 1379 -9636 188
11 16455 3971 188
12 17990 4180 188
13 6560 -2071 188
15 4757 -8944 188
16 -6693 -3872 188
17 -3990 -7134 188
9 1462 -9776 189
11 16470 3981 189
12 17983 4170 189
13 6308 -2178 189
15 4907 -9032 189
16 -6854 -3831 189
17 -4185 -7073 189
9 1544 -9916 190
11 16477 3986 190
12 17956 4154 190
13 6054 -2281 190
15 5034 -9131 190
16 -7015 -3790 190
17 -4377 -7013 190
9 1626 -10055 191
11 16479 3988 191
12 17914 4133 191
13 5796 -2381 191
15 5139 -9246 191
16 -7176 -3749 191
17 -4563 -6951 191
9 1708 -10193 192
11 16480 3988 192
12 17865 4110 192
13 5535 -2474 192
15 5226 -9378 192
16 -7336 -3708 192
17 -4737 -6886 192
9 1789 -10331 193
11 16479 3988 193
12 17812 4085 193
13 5272 -2564 193
15 5303 -9525 193
16 -7495 -3666 193
17 -4895 -6819 193
9 1870 -10468 194
11 16479 3988 194
12 17759 4061 194
13 5011 -2649 194
15 5376 -9682 194
16 -7655 -3623 194
17 -5037 -6747 194
9 1951 -10605 195
11 16479 3988 195
12 17706 4037 195
13 4752 -2732 195
15 5446 -9844 195
16 -7814 -3581 195
17 -5168 -6673 195
9 2031 -10741 196
11 16478 3987 196
12 17654 4013 196
13 4495 -2814 196
15 5514 -10010 196
16 -7970 -3539 196
17 -5292 -6598 196
9 2112 -10876 197
11 16473 3985 197
12 17601 3988 197
13 4242 -2894 197
15 5581 -10175 197
16 -8121 -3497 197
17 -5415 -6521 197
9 2193 -11011 198
11 16460 3977 198
12 17548 3964 198
13 3991 -2974 198
15 5646 -10338 198
16 -8263 -3455 198
17 -5537 -6445 198
9 2277 -11147 199
11 16432 3961 199
12 17496 3940 199
13 3743 -3053 199
15 5709 -10495 199
16 -8392 -3414 199
17 -5659 -6368 199
9 2364 -11285 200
11 16383 3932 200
12 17443 3916 200
13 3497 -3131 200
15 5770 -10646 200
16 -8508 -3372 200
17 -5781 -6292 200
9 2454 -11428 201
11 16313 3891 201
12 17391 3892 201
13 3254 -3208 201
15 5830 -10791 201
16 -8615 -3331 201
17 -5904 -6215 201
9 2539 -11576 202
11 16228 3841 202
12 17339 3868 202
13 3013 -3285 202
15 5888 -10929 202
16 -8719 -3290 202
17 -6026 -6139 202
9 2610 -11732 203
11 16134 3787 203
12 17286 3844 203
13 2774 -3360 203
15 5943 -11060 203
16 -8822 -3250 203
17 -6150 -6064 203
9 2654 -11895 204
11 16039 3731 204
12 17234 3820 204
13 2536 -3435 204
15 5992 -11178 204
16 -8928 -3210 204
17 -6277 -5993 204
9 2668 -12064 205
11 15942 3675 205
12 17182 3796 205
13 2298 -3510 205
15 6033 -11274 205
16 -9037 -3170 205
17 -6409 -5930 205
9 2653 -12232 206
11 15846 3619 206
12 17130 3772 206
13 2060 -3583 206
15 6061 -11341 206
16 -9148 -3131 206
17 -6548 -5877 206
9 2611 -12392 207
11 15750 3563 207
12 17078 3748 207
13 1821 -3656 207
16 -9261 -3093 207
17 -6693 -5834 207
9 2542 -12540 208
11 15655 3507 208
12 17023 3721 208
13 1582 -3728 208
16 -9373 -3054 208
17 -6843 -5799 208
9 2450 -12672 209
11 15560 3452 209
12 16962 3689 209
13 1344 -3799 209
16 -9486 -3015 209
17 -6996 -5768 209
9 2339 -12790 210
11 15465 3397 210
12 16890 3647 210
13 1108 -3870 210
16 -9599 -2977 210
17 -7149 -5739 210
9 2211 -12891 211
11 15371 3341 211
12 16803 3592 211
13 874 -3940 211
16 -9711 -2938 211
17 -7301 -5710 211
9 2065 -12969 212
11 15277 3286 212
12 16702 3523 212
13 643 -4009 212
16 -9824 -2899 212
17 -7450 -5682 212
9 1897 -13019 213
11 15183 3232 213
12 16589 3445 213
13 413 -4078 213
16 -9937 -2861 213
17 -7596 -5655 213
9 1710 -13040 214
11 15090 3177 214
12 16471 3361 214
13 186 -4145 214
16 -10048 -2823 214
17 -7737 -5629 214
9 1507 -13042 215
11 14997 3123 215
12 16352 3276 215
13 -38 -4213 215
16 -10156 -2786 215
17 -7873 -5605 215
9 1298 -13033 216
11 14904 3067 216
12 16232 3190 216
13 -261 -4279 216
16 -10254 -2752 216
17 -8005 -5582 216
9 1087 -13021 217
11 14809 3009 217
12 16113 3105 217
13 -482 -4342 217
16 -10334 -2724 217
17 -8135 -5559 217
9 877 -13006 218
11 14712 2944 218
12 15995 3021 218
13 -702 -4401 218
16 -10391 -2705 218
17 -8264 -5537 218
9 672 -12987 219
11 14610 2872 219
12 15877 2937 219
13 -921 -4450 219
17 -8392 -5515 219
9 477 -12958 220
11 14504 2792 220
12 15760 2853 220
13 -1141 -4488 220
17 -8521 -5492 220
9 297 -12911 221
11 14395 2706 221
12 15644 2770 221
13 -1361 -4515 221
17 -8649 -5470 221
9 138 -12838 222
11 14285 2617 222
12 15528 2687 222
13 -1581 -4533 222
17 -8776 -5448 222
9 -1 -12739 223
11 14175 2528 223
12 15413 2605 223
13 -1798 -4545 223
17 -8904 -5426 223
1 7381 -9090 224
9 -126 -12622 224
11 14066 2438 224
12 15299 2523 224
13 -2008 -4552 224
17 -9031 -5403 224
1 7317 -8977 225
9 -243 -12494 225
11 13957 2350 225
12 15185 2442 225
13 -2206 -4551 225
17 -9155 -5381 225
1 7230 -8841 226
9 -358 -12361 226
11 13848 2261 226
12 15072 2362 226
13 -2388 -4540 226
17 -9275 -5358 226
1 7125 -8697 227
9 -472 -12227 227
11 13740 2173 227
12 14959 2281 227
13 -2555 -4521 227
17 -9386 -5335 227
1 7004 -8553 228
9 -587 -12092 228
11 13633 2085 228
12 14847 2201 228
13 -2710 -4495 228
17 -9485 -5310 228
1 6873 -8412 229
9 -702 -11957 229
11 13526 1998 229
12 14736 2122 229
13 -2860 -4467 229
17 -9573 -5284 229
1 6737 -8272 230
9 -817 -11822 230
11 13420 1911 230
12 14625 2043 230
13 -3008 -4439 230
17 -9652 -5258 230
1 6599 -8134 231
9 -931 -11686 231
11 13314 1825 231
12 14515 1964 231
13 -3155 -4410 231
14 4474 -12861 231
17 -9725 -5231 231
1 6460 -7995 232
9 -1043 -11551 232
11 13209 1740 232
12 14405 1886 232
13 -3301 -4382 232
14 4387 -12788 232
17 -9794 -5205 232
1 6322 -7856 233
9 -1150 -11417 233
11 13105 1655 233
12 14296 1808 233
13 -3447 -4354 233
14 4284 -12699 233
17 -9856 -5180 233
1 6182 -7717 234
9 -1251 -11285 234
11 13001 1570 234
12 14188 1730 234
13 -3593 -4326 234
14 4175 -12601 234
17 -9907 -5159 234
1 6043 -7578 235
9 -1345 -11155 235
11 12898 1486 235
12 14081 1653 235
13 -3738 -4298 235
14 4067 -12501 235
17 -9941 -5142 235
1 5903 -7441 236
9 -1434 -11027 236
11 12796 1403 236
12 13977 1577 236
13 -3884 -4270 236
14 3961 -12401 236
17 -9959 -5130 236
1 5762 -7307 237
9 -1520 -10899 237
11 12694 1320 237
12 13878 1502 237
13 -4028 -4242 237
14 3857 -12301 237
17 -9965 -5121 237
1 5619 -7178 238
9 -1606 -10770 238
11 12593 1237 238
12 13785 1428 238
13 -4173 -4214 238
14 3754 -12200 238
17 -9965 -5114 238
1 5476 -7053 239
9 -1692 -10641 239
11 12492 1155 239
12 13699 1355 239
13 -4317 -4186 239
14 3651 -12100 239
17 -9962 -5107 239
1 5331 -6932 240
9 -1778 -10512 240
11 12392 1073 240
12 13617 1284 240
13 -4460 -4158 240
14 3548 -12000 240
17 -9958 -5101 240
1 5186 -6812 241
9 -1864 -10382 241
11 12293 993 241
12 13538 1213 241
13 -4603 -4130 241
14 3445 -11899 241
17 -9955 -5095 241
1 5041 -6694 242
9 -1952 -10252 242
11 12197 916 242
12 13459 1142 242
13 -4744 -4102 242
14 3341 -11798 242
17 -9951 -5088 242
1 4895 -6577 243
9 -2040 -10124 243
11 12104 845 243
12 13382 1072 243
13 -4879 -4074 243
14 3237 -11698 243
17 -9947 -5082 243
1 4747 -6465 244
9 -2129 -9998 244
11 12018 781 244
12 13305 1002 244
13 -5005 -4045 244
14 3134 -11597 244
17 -9944 -5076 244
1 4596 -6360 245
9 -2220 -9875 245
11 11936 724 245
12 13228 933 245
13 -5118 -4015 245
14 3029 -11495 245
17 -9942 -5071 245
1 4441 -6265 246
9 -2312 -9757 246
11 11859 672 246
12 13152 863 246
13 -5219 -3983 246
14 2923 -11389 246
17 -9941 -5067 246
1 4283 -6181 247
9 -2405 -9641 247
11 11783 623 247
12 13075 794 247
13 -5310 -3951 247
14 2812 -11275 247
17 -9942 -5064 247
1 4122 -6105 248
9 -2499 -9527 248
11 11709 575 248
12 12996 724 248
13 -5396 -3919 248
14 2693 -11148 248
17 -9945 -5064 248
1 3959 -6033 249
9 -2594 -9413 249
11 11635 528 249
12 12911 653 249
13 -5481 -3887 249
14 2564 -11009 249
17 -9949 -5064 249
1 3797 -5963 250
9 -2688 -9298 250
11 11562 481 250
12 12814 578 250
13 -5564 -3854 250
14 2425 -10865 250
17 -9954 -5066 250
1 3634 -5894 251
9 -2784 -9184 251
11 11488 434 251
12 12701 497 251
13 -5647 -3820 251
14 2282 -10730 251
17 -9959 -5067 251
1 3472 -5824 252
9 -2879 -9069 252
11 11415 387 252
12 12572 412 252
13 -5729 -3786 252
14 2137 -10612 252
17 -9965 -5069 252
1 3310 -5755 253
9 -2975 -8953 253
11 11342 340 253
12 12431 323 253
13 -5809 -3750 253
14 1995 -10508 253
17 -9970 -5071 253
1 3148 -5685 254
9 -3071 -8837 254
11 11270 294 254
12 12286 233 254
13 -5888 -3713 254
14 1852 -10414 254
17 -9975 -5073 254
1 2987 -5616 255
9 -3168 -8721 255
11 11196 247 255
12 12139 143 255
13 -5965 -3675 255
14 1710 -10326 255
17 -9981 -5074 255
1 2825 -5547 256
9 -3265 -8604 256
11 11120 198 256
12 11992 53 256
13 -6042 -3636 256
14 1565 -10242 256
17 -9986 -5076 256
1 2665 -5478 257
9 -3362 -8487 257
11 11037 145 257
12 11846 -36 257
13 -6119 -3597 257
14 1416 -10166 257
17 -9992 -5078 257
1 2504 -5409 258
9 -3460 -8370 258
11 10939 83 258
12 11701 -124 258
13 -6195 -3558 258
14 1259 -10099 258
17 -9997 -5080 258
1 2343 -5340 259
9 -3557 -8252 259
11 10823 9 259
12 11558 -212 259
13 -6272 -3519 259
14 1097 -10041 259
17 -10002 -5081 259
1 2183 -5271 260
9 -3654 -8134 260
11 10687 -77 260
12 11415 -300 260
13 -6348 -3480 260
14 930 -9991 260
17 -10008 -5083 260
1 2023 -5203 261
9 -3748 -8018 261
11 10539 -171 261
12 11274 -387 261
13 -6425 -3441 261
14 761 -9944 261
17 -10013 -5085 261
1 1864 -5134 262
9 -3840 -7903 262
11 10384 -269 262
12 11135 -473 262
13 -6502 -3402 262
14 591 -9899 262
17 -10019 -5086 262
1 1704 -5065 263
9 -3928 -7789 263
11 10227 -369 263
12 11002 -558 263
13 -6579 -3362 263
14 422 -9855 263
17 -10024 -5088 263
1 1545 -4996 264
9 -4012 -7677 264
11 10071 -468 264
12 10877 -643 264
13 -6655 -3323 264
14 253 -9810 264
17 -10029 -5090 264
1 1386 -4928 265
9 -4091 -7566 265
11 9915 -566 265
12 10762 -727 265
13 -6732 -3284 265
14 85 -9766 265
17 -10035 -5092 265
1 1227 -4859 266
9 -4162 -7456 266
11 9762 -664 266
12 10659 -811 266
13 -6809 -3245 266
14 -82 -9722 266
17 -10040 -5093 266
1 1069 -4791 267
9 -4222 -7348 267
11 9609 -760 267
12 10564 -894 267
13 -6886 -3205 267
14 -246 -9677 267
17 -10046 -5095 267
1 911 -4722 268
9 -4273 -7242 268
11 9458 -856 268
12 10474 -977 268
13 -6963 -3166 268
14 -406 -9631 268
17 -10053 -5096 268
1 753 -4654 269
9 -4316 -7136 269
11 9311 -951 269
12 10385 -1059 269
13 -7039 -3128 269
14 -558 -9582 269
17 -10063 -5095 269
1 595 -4586 270
9 -4354 -7031 270
11 9170 -1043 270
12 10298 -1140 270
13 -7115 -3092 270
14 -698 -9528 270
17 -10079 -5092 270
1 437 -4517 271
9 -4392 -6926 271
11 9042 -1132 271
12 10211 -1222 271
13 -7189 -3063 271
14 -828 -9470 271
17 -10103 -5085 271
1 279 -4449 272
9 -4429 -6821 272
11 8930 -1216 272
12 10124 -1302 272
13 -7258 -3046 272
14 -949 -9409 272
17 -10134 -5075 272
1 122 -4381 273
9 -4465 -6715 273
11 8834 -1297 273
12 10038 -1383 273
13 -7322 -3046 273
14 -1066 -9346 273
17 -10172 -5061 273
1 -35 -4313 274
9 -4501 -6608 274
11 8750 -1374 274
12 9953 -1462 274
13 -7381 -3063 274
14 -1181 -9282 274
17 -10213 -5046 274
1 -193 -4246 275
9 -4534 -6503 275
11 8671 -1449 275
12 9868 -1542 275
13 -7435 -3092 275
14 -1296 -9218 275
17 -10256 -5032 275
1 -351 -4182 276
9 -4562 -6399 276
11 8596 -1523 276
12 9783 -1621 276
13 -7487 -3128 276
14 -1411 -9154 276
17 -10304 -5018 276
1 -512 -4124 277
9 -4581 -6298 277
11 8521 -1597 277
12 9699 -1700 277
13 -7536 -3166 277
14 -1526 -9091 277
17 -10356 -5008 277
1 -675 -4072 278
9 -4594 -6199 278
11 8447 -1670 278
12 9615 -1778 278
13 -7582 -3205 278
14 -1641 -9027 278
17 -10413 -5001 278
1 -840 -4027 279
9 -4600 -6101 279
11 8373 -1743 279
12 9532 -1856 279
13 -7619 -3243 279
14 -1755 -8963 279
17 -10466 -4998 279
1 -1007 -3987 280
9 -4601 -6005 280
11 8300 -1816 280
12 9449 -1933 280
13 -7640 -3281 280
14 -1870 -8900 280
17 -10509 -4997 280
1 -1175 -3951 281
9 -4597 -5908 281
11 8226 -1888 281
12 9367 -2010 281
13 -7639 -3318 281
14 -1985 -8837 281
1 -1343 -3915 282
9 -4587 -5811 282
11 8154 -1960 282
12 9285 -2087 282
13 -7614 -3356 282
14 -2100 -8776 282
1 -1510 -3880 283
9 -4566 -5713 283
11 8081 -2032 283
12 9203 -2163 283
13 -7569 -3396 283
14 -2216 -8720 283
1 -1677 -3845 284
9 -4536 -5614 284
11 8010 -2103 284
12 9122 -2239 284
13 -7510 -3442 284
14 -2332 -8668 284
1 -1843 -3810 285
9 -4498 -5514 285
11 7938 -2174 285
12 9041 -2314 285
13 -7443 -3493 285
14 -2449 -8622 285
1 -2009 -3775 286
9 -4457 -5414 286
11 7866 -2245 286
12 8961 -2389 286
13 -7371 -3547 286
14 -2565 -8580 286
1 -2174 -3741 287
9 -4413 -5313 287
11 7795 -2315 287
12 8881 -2464 287
13 -7297 -3603 287
14 -2683 -8539 287
1 -2338 -3710 288
9 -4369 -5211 288
11 7725 -2385 288
12 8802 -2538 288
13 -7222 -3660 288
14 -2799 -8500 288
1 -2502 -3683 289
9 -4324 -5109 289
11 7655 -2455 289
12 8723 -2612 289
13 -7147 -3718 289
14 -2914 -8459 289
1 -2663 -3662 290
9 -4275 -5008 290
11 7585 -2524 290
12 8644 -2685 290
13 -7073 -3775 290
14 -3027 -8417 290
1 -2823 -3646 291
9 -4216 -4909 291
11 7514 -2594 291
12 8566 -2759 291
13 -6998 -3832 291
14 -3133 -8370 291
1 -2982 -3635 292
9 -4139 -4816 292
11 7443 -2665 292
12 8489 -2833 292
13 -6924 -3889 292
14 -3232 -8318 292
1 -3140 -3627 293
9 -4038 -4730 293
11 7366 -2743 293
12 8414 -2911 293
13 -6849 -3946 293
14 -3324 -8261 293
1 -3297 -3619 294
9 -3912 -4652 294
11 7282 -2832 294
12 8342 -2995 294
13 -6774 -4003 294
14 -3410 -8199 294
1 -3453 -3611 295
9 -3768 -4580 295
11 7186 -2936 295
12 8275 -3087 295
13 -6698 -4059 295
14 -3493 -8134 295
1 -3608 -3604 296
9 -3613 -4511 296
11 7079 -3055 296
12 8211 -3187 296
13 -6616 -4113 296
14 -3575 -8069 296
1 -3764 -3596 297
9 -3453 -4443 297
11 6967 -3183 297
12 8151 -3293 297
13 -6524 -4165 297
14 -3657 -8003 297
1 -3918 -3589 298
9 -3291 -4374 298
11 6855 -3316 298
12 8092 -3402 298
13 -6419 -4213 298
14 -3738 -7937 298
1 -4074 -3585 299
9 -3128 -4305 299
11 6752 -3447 299
12 8034 -3511 299
13 -6301 -4257 299
14 -3821 -7871 299
1 -4232 -3585 300
9 -2963 -4235 300
11 6662 -3576 300
12 7977 -3620 300
13 -6172 -4299 300
14 -3903 -7805 300
1 -4396 -3594 301
9 -2797 -4164 301
11 6584 -3700 301
12 7921 -3729 301
13 -6039 -4339 301
14 -3985 -7739 301
1 -4566 -3616 302
9 -2629 -4093 302
11 6516 -3821 302
12 7864 -3837 302
13 -5903 -4379 302
14 -4067 -7672 302
1 -4743 -3650 303
9 -2460 -4022 303
11 6453 -3940 303
12 7808 -3944 303
13 -5767 -4418 303
14 -4150 -7606 303
1 -4924 -3694 304
9 -2289 -3950 304
11 6392 -4057 304
12 7753 -4050 304
13 -5630 -4458 304
14 -4232 -7540 304
1 -5106 -3742 305
9 -2114 -3878 305
11 6333 -4174 305
12 7698 -4156 305
13 -5493 -4498 305
14 -4315 -7473 305
1 -5284 -3792 306
9 -1932 -3807 306
11 6274 -4290 306
12 7643 -4261 306
13 -5356 -4537 306
14 -4398 -7407 306
1 -5451 -3845 307
9 -1737 -3738 307
11 6215 -4405 307
12 7588 -4366 307
13 -5218 -4577 307
14 -4481 -7342 307
1 -5599 -3901 308
9 -1524 -3673 308
11 6157 -4519 308
12 7534 -4470 308
13 -5081 -4617 308
14 -4564 -7279 308
1 -5721 -3961 309
9 -1294 -3612 309
11 6099 -4633 309
12 7480 -4573 309
13 -4943 -4657 309
14 -4644 -7220 309
1 -5818 -4025 310
9 -1050 -3552 310
11 6041 -4746 310
12 7427 -4676 310
13 -4805 -4697 310
14 -4718 -7165 310
1 -5897 -4092 311
9 -798 -3494 311
11 5984 -4858 311
12 7373 -4778 311
13 -4667 -4737 311
14 -4784 -7116 311
1 -5964 -4161 312
9 -540 -3436 312
11 5927 -4970 312
12 7321 -4879 312
13 -4529 -4777 312
14 -4841 -7070 312
1 -6023 -4229 313
9 -280 -3378 313
11 5870 -5080 313
12 7268 -4980 313
13 -4390 -4817 313
14 -4892 -7026 313
1 -6073 -4294 314
9 -20 -3320 314
11 5815 -5190 314
12 7216 -5080 314
13 -4251 -4858 314
14 -4939 -6985 314
1 -6106 -4355 315
9 234 -3266 315
11 5759 -5300 315
12 7164 -5180 315
13 -4112 -4901 315
14 -4983 -6944 315
1 -6114 -4411 316
9 477 -3218 316
11 5704 -5408 316
12 7112 -5279 316
13 -3971 -4944 316
14 -5022 -6906 316
1 -6090 -4461 317
9 703 -3178 317
11 5649 -5516 317
12 7061 -5378 317
13 -3830 -4990 317
14 -5053 -6873 317
1 -6038 -4506 318
9 912 -3148 318
11 5594 -5623 318
12 7010 -5476 318
13 -3689 -5037 318
14 -5074 -6845 318
1 -5965 -4548 319
9 1107 -3125 319
11 5540 -5729 319
12 6959 -5573 319
13 -3547 -5084 319
14 -5084 -6826 319
1 -5880 -4588 320
9 1296 -3104 320
11 5489 -5835 320
12 6909 -5670 320
13 -3406 -5132 320
14 -5082 -6815 320
1 -5789 -4627 321
9 1483 -3086 321
11 5443 -5941 321
12 6858 -5766 321
13 -3263 -5180 321
14 -5067 -6813 321
1 -5692 -4664 322
9 1670 -3068 322
11 5406 -6048 322
12 6809 -5862 322
13 -3121 -5229 322
14 -5036 -6821 322
1 -5586 -4698 323
9 1857 -3050 323
11 5381 -6157 323
12 6763 -5956 323
13 -2979 -5277 323
14 -4986 -6840 323
1 -5467 -4728 324
9 2041 -3036 324
11 5368 -6267 324
12 6722 -6050 324
13 -2836 -5325 324
14 -4917 -6869 324
1 -5335 -4754 325
9 2221 -3026 325
11 5364 -6378 325
12 6693 -6142 325
13 -2693 -5373 325
14 -4834 -6907 325
1 -5194 -4777 326
9 2395 -3024 326
11 5364 -6489 326
12 6678 -6231 326
13 -2550 -5421 326
14 -4744 -6951 326
1 -5047 -4798 327
9 2561 -3028 327
11 5367 -6599 327
12 6678 -6319 327
13 -2406 -5469 327
14 -4650 -6999 327
1 -4897 -4818 328
9 2723 -3037 328
11 5370 -6710 328
12 6688 -6405 328
13 -2263 -5518 328
14 -4555 -7050 328
1 -4747 -4839 329
9 2879 -3050 329
11 5373 -6819 329
12 6704 -6490 329
13 -2119 -5566 329
14 -4461 -7102 329
1 -4596 -4859 330
9 3026 -3068 330
11 5376 -6929 330
12 6722 -6576 330
13 -1975 -5614 330
14 -4366 -7154 330
1 -4445 -4879 331
9 3151 -3095 331
11 5380 -7037 331
12 6738 -6665 331
13 -1831 -5663 331
14 -4271 -7207 331
1 -4293 -4900 332
9 3235 -3139 332
11 5383 -7145 332
12 6751 -6760 332
13 -1686 -5711 332
14 -4177 -7259 332
1 -4141 -4920 333
9 3263 -3205 333
11 5386 -7253 333
12 6759 -6863 333
13 -1542 -5760 333
14 -4082 -7311 333
1 -3988 -4941 334
9 3235 -3293 334
11 5390 -7360 334
12 6763 -6973 334
13 -1397 -5809 334
14 -3987 -7364 334
1 -3835 -4961 335
9 3163 -3398 335
11 5396 -7467 335
12 6762 -7089 335
13 -1252 -5857 335
14 -3892 -7420 335
1 -3682 -4982 336
9 3063 -3510 336
11 5405 -7573 336
12 6760 -7207 336
13 -1106 -5906 336
14 -3795 -7481 336
1 -3527 -5003 337
9 2943 -3625 337
11 5420 -7680 337
12 6758 -7326 337
13 -960 -5955 337
14 -3696 -7549 337
1 -3373 -5023 338
9 2804 -3740 338
11 5438 -7787 338
12 6755 -7445 338
13 -814 -6004 338
14 -3597 -7623 338
1 -3218 -5044 339
9 2650 -3855 339
11 5461 -7893 339
12 6752 -7563 339
13 -668 -6053 339
14 -3496 -7701 339
1 -3062 -5065 340
9 2486 -3968 340
11 5485 -7999 340
12 6750 -7681 340
13 -522 -6102 340
14 -3394 -7783 340
1 -2906 -5086 341
9 2315 -4079 341
11 5509 -8105 341
12 6747 -7798 341
13 -375 -6151 341
14 -3293 -7865 341
1 -2750 -5107 342
9 2140 -4183 342
11 5534 -8210 342
12 6745 -7914 342
13 -228 -6201 342
14 -3192 -7948 342
1 -2593 -5128 343
9 1960 -4277 343
11 5559 -8315 343
12 6744 -8028 343
13 -80 -6250 343
14 -3093 -8032 343
1 -2435 -5149 344
9 1774 -4358 344
11 5583 -8420 344
12 6747 -8141 344
13 67 -6299 344
14 -2997 -8119 344
1 -2277 -5170 345
9 1581 -4425 345
11 5608 -8524 345
12 6757 -8249 345
13 215 -6349 345
14 -2904 -8210 345
1 -2118 -5191 346
9 1384 -4483 346
11 5632 -8627 346
12 6776 -8353 346
13 364 -6398 346
14 -2816 -8304 346
1 -1957 -5211 347
9 1186 -4535 347
11 5656 -8731 347
12 6805 -8452 347
13 514 -6448 347
14 -2730 -8400 347
1 -1794 -5229 348
9 988 -4586 348
11 5681 -8833 348
12 6840 -8547 348
13 669 -6498 348
14 -2646 -8497 348
1 -1624 -5242 349
9 792 -4635 349
11 5705 -8936 349
12 6878 -8641 349
13 830 -6549 349
14 -2563 -8595 349
1 -1448 -5250 350
9 597 -4684 350
11 5729 -9038 350
12 6918 -8733 350
13 1002 -6601 350
14 -2480 -8692 350
1 -1263 -5252 351
9 403 -4732 351
11 5753 -9139 351
12 6959 -8825 351
13 1183 -6654 351
14 -2398 -8788 351
1 -1073 -5249 352
9 211 -4780 352
11 5777 -9240 352
12 6999 -8917 352
13 1371 -6708 352
14 -2315 -8883 352
1 -879 -5244 353
9 21 -4827 353
11 5801 -9341 353
12 7039 -9008 353
13 1563 -6762 353
14 -2232 -8974 353
1 -682 -5239 354
9 -165 -4872 354
11 5824 -9441 354
12 7079 -9099 354
13 1756 -6816 354
14 -2148 -9061 354
1 -485 -5233 355
9 -345 -4912 355
11 5848 -9541 355
12 7119 -9190 355
13 1947 -6871 355
14 -2064 -9143 355
1 -285 -5226 356
9 -515 -4942 356
11 5872 -9641 356
12 7158 -9281 356
13 2131 -6925 356
14 -1979 -9222 356
1 -85 -5220 357
9 -671 -4961 357
11 5895 -9740 357
12 7198 -9372 357
13 2306 -6980 357
14 -1893 -9300 357
1 117 -5214 358
9 -813 -4967 358
11 5919 -9838 358
12 7237 -9461 358
13 2472 -7034 358
14 -1805 -9378 358
1 319 -5207 359
9 -947 -4965 359
11 5942 -9936 359
12 7275 -9547 359
13 2631 -7088 359
14 -1714 -9456 359
1 522 -5199 360
9 -1074 -4958 360
11 5966 -10034 360
12 7309 -9625 360
13 2786 -7142 360
14 -1617 -9534 360
1 724 -5186 361
9 -1200 -4949 361
11 5989 -10132 361
12 7338 -9689 361
13 2941 -7196 361
14 -1516 -9614 361
1 924 -5167 362
9 -1325 -4940 362
11 6012 -10229 362
12 7357 -9733 362
13 3095 -7250 362
14 -1412 -9695 362
1 1123 -5136 363
9 -1449 -4931 363
11 6035 -10325 363
13 3250 -7304 363
14 -1306 -9776 363
1 1323 -5095 364
9 -1573 -4922 364
11 6057 -10417 364
13 3405 -7359 364
14 -1199 -9857 364
1 1525 -5045 365
9 -1698 -4915 365
11 6077 -10500 365
13 3561 -7413 365
14 -1092 -9938 365
1 1727 -4990 366
9 -1826 -4912 366
11 6094 -10568 366
13 3717 -7468 366
14 -985 -10018 366
1 1923 -4936 367
9 -1959 -4916 367
11 6105 -10616 367
13 3873 -7524 367
14 -878 -10099 367
1 2109 -4885 368
9 -2100 -4930 368
13 4029 -7581 368
14 -772 -10180 368
1 2285 -4838 369
9 -2247 -4954 369
13 4185 -7642 369
14 -665 -10260 369
1 2454 -4791 370
9 -2400 -4986 370
13 4339 -7708 370
14 -557 -10341 370
1 2623 -4740 371
9 -2554 -5021 371
13 4493 -7777 371
14 -447 -10422 371
1 2797 -4681 372
9 -2709 -5058 372
13 4646 -7851 372
14 -333 -10504 372
1 2981 -4608 373
9 -2863 -5094 373
13 4799 -7926 373
14 -214 -10586 373
1 3177 -4521 374
9 -3017 -5131 374
13 4952 -8002 374
14 -90 -10669 374
1 3381 -4425 375
9 -3169 -5167 375
13 5106 -8078 375
14 39 -10753 375
1 3591 -4321 376
9 -3320 -5203 376
13 5259 -8154 376
14 170 -10837 376
1 3806 -4214 377
9 -3470 -5239 377
13 5413 -8231 377
14 301 -10923 377
1 4027 -4103 378
9 -3620 -5275 378
13 5566 -8307 378
14 434 -11011 378
1 4255 -3987 379
9 -3767 -5313 379
13 5721 -8384 379
14 566 -11103 379
1 4492 -3865 380
9 -3912 -5357 380
13 5875 -8460 380
14 700 -11202 380
1 4737 -3737 381
9 -4053 -5412 381
13 6030 -8537 381
14 834 -11306 381
1 4987 -3604 382
9 -4189 -5481 382
13 6185 -8614 382
14 969 -11415 382
1 5234 -3470 383
9 -4320 -5564 383
13 6340 -8691 383
14 1104 -11525 383
1 5470 -3337 384
9 -4445 -5657 384
13 6495 -8768 384
14 1239 -11637 384
1 5687 -3209 385
9 -4563 -5754 385
13 6651 -8845 385
14 1373 -11749 385
1 5884 -3085 386
9 -4667 -5852 386
13 6807 -8922 386
14 1508 -11861 386
1 6068 -2965 387
9 -4751 -5948 387
13 6964 -9000 387
14 1642 -11972 387
1 6244 -2845 388
9 -4805 -6041 388
13 7122 -9081 388
14 1776 -12084 388
1 6418 -2726 389
9 -4831 -6131 389
13 7280 -9164 389
14 1910 -12195 389
1 6593 -2605 390
9 -4837 -6220 390
13 7436 -9253 390
14 2044 -12307 390
1 6770 -2484 391
9 -4832 -6307 391
13 7583 -9343 391
14 2178 -12418 391
1 6948 -2361 392
9 -4822 -6393 392
13 7706 -9423 392
14 2312 -12528 392
1 7128 -2237 393
9 -4811 -6478 393
13 7794 -9484 393
14 2445 -12637 393
1 7311 -2112 394
9 -4801 -6564 394
14 2576 -12741 394
1 7495 -1985 395
9 -4790 -6648 395
14 2705 -12838 395
1 7679 -1858 396
9 -4779 -6733 396
14 2831 -12923 396
1 7861 -1732 397
9 -4768 -6817 397
14 2954 -12997 397
1 8034 -1610 398
9 -4756 -6901 398
14 3074 -13064 398
1 8186 -1499 399
9 -4743 -6985 399
14 3193 -13126 399
1 8302 -1406 400
9 -4725 -7070 400
14 3311 -13186 400
1 8372 -1333 401
9 -4700 -7156 401
14 3425 -13243 401
1 8379 -1285 402
9 -4663 -7244 402
14 3529 -13296 402
1 8314 -1265 403
9 -4608 -7331 403
14 3614 -13339 403
1 8190 -1272 404
9 -4541 -7414 404
14 3674 -13369 404
1 8047 -1296 405
9 -4474 -7483 405
1 7929 -1324 406
9 -4423 -7530 406
1 7850 -1349 407
9 -4393 -7554 407
1 7801 -1369 408
9 -4379 -7561 408
1 7767 -1387 409
9 -4373 -7559 409
1 7738 -1403 410
9 -4371 -7553 410
1 7705 -1421 411
9 -4370 -7547 411
1 7659 -1442 412
9 -4369 -7540 412
1 7589 -1470 413
9 -4367 -7534 413
1 7487 -1512 414
9 -4365 -7527 414
1 7356 -1571 415
9 -4362 -7521 415
1 7207 -1650 416
9 -4358 -7515 416
1 7051 -1744 417
9 -4352 -7509 417
1 6884 -1846 418
9 -4345 -7503 418
1 6703 -1950 419
9 -4338 -7498 419
1 6508 -2052 420
9 -4330 -7492 420
1 6306 -2153 421
9 -4323 -7487 421
1 6102 -2254 422
9 -4315 -7481 422
1 5901 -2357 423
9 -4308 -7476 423
10 5217 -12315 423
1 5704 -2464 424
9 -4300 -7470 424
10 5143 -12242 424
1 5514 -2578 425
9 -4293 -7465 425
10 5060 -12155 425
1 5331 -2698 426
9 -4285 -7459 426
10 4971 -12062 426
1 5152 -2823 427
9 -4277 -7453 427
10 4871 -11968 427
1 4977 -2950 428
9 -4270 -7448 428
10 4755 -11875 428
1 4805 -3076 429
9 -4262 -7442 429
10 4622 -11783 429
1 4636 -3201 430
9 -4255 -7437 430
10 4477 -11693 430
1 4470 -3325 431
9 -4247 -7431 431
10 4325 -11603 431
1 4310 -3447 432
9 -4240 -7426 432
10 4170 -11514 432
1 4157 -3566 433
9 -4232 -7420 433
10 4015 -11425 433
1 4011 -3684 434
9 -4224 -7415 434
10 3859 -11336 434
1 3870 -3800 435
9 -4217 -7409 435
10 3703 -11247 435
1 3732 -3915 436
9 -4209 -7404 436
10 3548 -11158 436
1 3596 -4028 437
9 -4202 -7398 437
10 3393 -11070 437
1 3462 -4141 438
9 -4194 -7392 438
10 3238 -10981 438
1 3329 -4253 439
9 -4186 -7387 439
10 3083 -10893 439
1 3197 -4363 440
9 -4179 -7381 440
10 2931 -10804 440
1 3066 -4473 441
9 -4171 -7376 441
10 2785 -10715 441
1 2937 -4581 442
9 -4164 -7370 442
10 2650 -10624 442
1 2811 -4689 443
9 -4156 -7365 443
10 2528 -10532 443
1 2690 -4797 444
9 -4148 -7359 444
10 2421 -10439 444
1 2580 -4904 445
9 -4137 -7355 445
10 2325 -10346 445
1 2481 -5012 446
9 -4121 -7352 446
10 2234 -10258 446
1 2395 -5120 447
9 -4096 -7353 447
10 2146 -10177 447
1 2317 -5228 448
9 -4056 -7359 448
10 2058 -10102 448
1 2245 -5336 449
9 -4003 -7371 449
10 1969 -10029 449
1 2176 -5444 450
9 -3939 -7386 450
10 1879 -9952 450
1 2110 -5553 451
9 -3871 -7403 451
10 1786 -9871 451
1 2049 -5667 452
9 -3800 -7421 452
10 1693 -9785 452
1 2000 -5791 453
9 -3728 -7440 453
10 1599 -9697 453
1 1964 -5928 454
9 -3655 -7461 454
10 1505 -9608 454
1 1942 -6078 455
9 -3580 -7487 455
10 1410 -9518 455
1 1930 -6237 456
9 -3501 -7523 456
10 1316 -9429 456
1 1923 -6401 457
9 -3418 -7572 457
10 1221 -9340 457
1 1918 -6565 458
9 -3330 -7635 458
10 1126 -9250 458
1 1915 -6728 459
9 -3238 -7707 459
10 1031 -9161 459
1 1911 -6890 460
9 -3144 -7784 460
10 936 -9071 460
1 1907 -7051 461
9 -3050 -7863 461
10 841 -8981 461
1 1903 -7210 462
9 -2956 -7943 462
10 746 -8891 462
1 1900 -7368 463
9 -2861 -8022 463
10 650 -8800 463
1 1898 -7524 464
9 -2763 -8099 464
10 554 -8710 464
1 1898 -7679 465
9 -2661 -8173 465
10 457 -8617 465
1 1903 -7831 466
9 -2554 -8244 466
10 356 -8522 466
1 1914 -7980 467
2 2701 -14258 467
9 -2439 -8310 467
10 249 -8421 467
1 1931 -8126 468
2 2653 -14132 468
9 -2321 -8375 468
10 134 -8313 468
1 1953 -8270 469
2 2595 -13978 469
9 -2200 -8437 469
10 13 -8199 469
1 1978 -8413 470
2 2531 -13808 470
9 -2078 -8500 470
10 -111 -8084 470
1 2003 -8554 471
2 2464 -13633 471
9 -1955 -8562 471
10 -233 -7974 471
1 2028 -8695 472
2 2396 -13460 472
9 -1833 -8624 472
10 -348 -7874 472
1 2053 -8834 473
2 2327 -13297 473
9 -1710 -8686 473
10 -454 -7784 473
1 2078 -8973 474
2 2258 -13147 474
9 -1590 -8751 474
10 -555 -7703 474
1 2103 -9111 475
2 2188 -13011 475
9 -1472 -8822 475
10 -652 -7626 475
1 2127 -9248 476
2 2118 -12884 476
9 -1362 -8904 476
10 -748 -7551 476
1 2152 -9384 477
2 2048 -12763 477
9 -1261 -9001 477
10 -843 -7476 477
1 2176 -9519 478
2 1977 -12643 478
9 -1169 -9112 478
10 -939 -7401 478
1 2201 -9653 479
2 1906 -12524 479
9 -1084 -9234 479
10 -1035 -7326 479
1 2225 -9787 480
2 1835 -12404 480
9 -1003 -9361 480
10 -1131 -7251 480
1 2249 -9919 481
2 1763 -12283 481
9 -924 -9490 481
10 -1227 -7176 481
1 2273 -10051 482
2 1691 -12163 482
9 -846 -9618 482
10 -1323 -7101 482
1 2296 -10181 483
2 1619 -12041 483
9 -768 -9747 483
10 -1419 -7026 483
1 2318 -10308 484
2 1548 -11920 484
9 -691 -9874 484
10 -1517 -6952 484
1 2335 -10429 485
2 1479 -11799 485
9 -615 -10002 485
10 -1617 -6880 485
1 2346 -10539 486
2 1417 -11679 486
9 -540 -10130 486
10 -1722 -6814 486
1 2347 -10634 487
2 1369 -11562 487
9 -469 -10260 487
10 -1834 -6753 487
1 2338 -10715 488
2 1339 -11450 488
9 -403 -10393 488
10 -1952 -6699 488
1 2323 -10785 489
2 1328 -11342 489
9 -340 -10528 489
10 -2074 -6651 489
1 2304 -10849 490
2 1330 -11237 490
9 -282 -10664 490
10 -2198 -6605 490
1 2283 -10911 491
2 1340 -11134 491
9 -225 -10801 491
10 -2324 -6559 491
1 2262 -10972 492
2 1353 -11031 492
9 -169 -10938 492
10 -2449 -6515 492
1 2241 -11033 493
2 1368 -10928 493
9 -113 -11074 493
10 -2575 -6470 493
1 2220 -11093 494
2 1384 -10827 494
9 -58 -11209 494
10 -2700 -6426 494
1 2200 -11153 495
2 1403 -10727 495
9 -3 -11343 495
10 -2825 -6381 495
1 2179 -11213 496
2 1424 -10629 496
9 55 -11477 496
10 -2950 -6336 496
1 2158 -11273 497
2 1447 -10532 497
9 117 -11611 497
10 -3074 -6292 497
1 2138 -11332 498
2 1471 -10436 498
9 188 -11744 498
10 -3199 -6247 498
1 2118 -11391 499
2 1496 -10339 499
9 271 -11878 499
10 -3323 -6203 499
1 2100 -11446 500
2 1520 -10242 500
9 367 -12013 500
10 -3447 -6159 500
1 2085 -11496 501
2 1545 -10144 501
9 472 -12147 501
10 -3570 -6115 501
1 2077 -11534 502
2 1567 -10046 502
9 582 -12282 502
10 -3690 -6071 502
1 2078 -11557 503
2 1586 -9950 503
9 696 -12416 503
10 -3803 -6028 503
1 2089 -11565 504
2 1595 -9858 504
9 813 -12551 504
10 -3910 -5986 504
1 2106 -11561 505
2 1592 -9770 505
9 937 -12688 505
10 -4008 -5945 505
18 7364 -9875 505
1 2128 -11552 506
2 1577 -9687 506
9 1069 -12827 506
10 -4101 -5905 506
18 7282 -9823 506
1 2150 -11540 507
2 1553 -9608 507
4 -799 -18283 507
9 1211 -12967 507
10 -4191 -5866 507
18 7183 -9758 507
1 2173 -11527 508
2 1524 -9531 508
4 -977 -18212 508
9 1359 -13110 508
10 -4279 -5826 508
18 7078 -9683 508
1 2196 -11514 509
2 1493 -9455 509
4 -1194 -18125 509
9 1511 -13253 509
10 -4368 -5787 509
18 6976 -9598 509
1 2220 -11501 510
2 1461 -9378 510
4 -1430 -18032 510
9 1664 -13396 510
10 -4456 -5747 510
18 6881 -9504 510
1 2243 -11488 511
2 1427 -9299 511
4 -1674 -17935 511
9 1817 -13539 511
10 -4544 -5708 511
18 6795 -9401 511
1 2266 -11475 512
2 1386 -9217 512
4 -1919 -17839 512
9 1970 -13681 512
10 -4632 -5668 512
18 6716 -9290 512
1 2289 -11463 513
2 1335 -9128 513
4 -2162 -17743 513
9 2122 -13824 513
10 -4721 -5629 513
18 6639 -9176 513
1 2312 -11450 514
2 1270 -9029 514
4 -2405 -17649 514
9 2274 -13966 514
10 -4809 -5589 514
18 6564 -9060 514
1 2336 -11437 515
2 1192 -8921 515
4 -2646 -17554 515
9 2425 -14107 515
10 -4897 -5550 515
18 6490 -8943 515
1 2359 -11424 516
2 1110 -8808 516
4 -2886 -17461 516
9 2570 -14242 516
10 -4985 -5510 516
18 6415 -8825 516
1 2382 -11411 517
2 1033 -8694 517
4 -3125 -17368 517
9 2702 -14366 517
10 -5072 -5471 517
18 6340 -8708 517
1 2405 -11401 518
2 969 -8581 518
4 -3364 -17276 518
9 2810 -14467 518
10 -5157 -5433 518
18 6264 -8590 518
1 2426 -11394 519
2 921 -8470 519
4 -3601 -17185 519
9 2886 -14537 519
10 -5240 -5395 519
18 6189 -8471 519
1 2443 -11396 520
2 883 -8362 520
4 -3837 -17095 520
10 -5321 -5359 520
18 6114 -8352 520
1 2456 -11409 521
2 852 -8255 521
4 -4071 -17005 521
10 -5400 -5323 521
18 6041 -8232 521
1 2464 -11433 522
2 823 -8147 522
4 -4304 -16916 522
10 -5479 -5287 522
18 5976 -8111 522
1 2469 -11465 523
2 794 -8040 523
4 -4531 -16828 523
10 -5557 -5251 523
18 5923 -7988 523
1 2472 -11502 524
2 766 -7931 524
4 -4749 -16742 524
10 -5635 -5215 524
18 5887 -7863 524
1 2475 -11540 525
2 737 -7823 525
4 -4957 -16657 525
10 -5714 -5180 525
18 5869 -7734 525
1 2477 -11579 526
2 708 -7713 526
4 -5154 -16575 526
10 -5792 -5144 526
18 5863 -7603 526
1 2479 -11617 527
2 679 -7603 527
4 -5343 -16494 527
10 -5870 -5108 527
18 5865 -7470 527
1 2482 -11656 528
2 651 -7493 528
4 -5527 -16413 528
10 -5948 -5073 528
18 5869 -7335 528
1 2484 -11694 529
2 621 -7382 529
3 -6374 -17050 529
4 -5710 -16334 529
10 -6026 -5037 529
18 5874 -7200 529
1 2486 -11732 530
2 592 -7271 530
3 -6508 -16959 530
4 -5892 -16254 530
10 -6104 -5001 530
18 5880 -7064 530
1 2488 -11771 531
2 563 -7159 531
3 -6673 -16848 531
4 -6073 -16175 531
10 -6182 -4966 531
18 5885 -6929 531
1 2490 -11809 532
2 533 -7046 532
3 -6853 -16727 532
4 -6254 -16096 532
10 -6260 -4930 532
18 5889 -6796 532
1 2493 -11847 533
2 503 -6934 533
3 -7041 -16602 533
4 -6435 -16018 533
10 -6338 -4894 533
18 5892 -6672 533
1 2495 -11885 534
2 472 -6824 534
3 -7230 -16475 534
4 -6615 -15940 534
10 -6417 -4859 534
18 5896 -6560 534
1 2497 -11923 535
2 440 -6717 535
3 -7420 -16349 535
4 -6792 -15864 535
10 -6495 -4823 535
18 5903 -6458 535
1 2498 -11961 536
2 405 -6615 536
3 -7610 -16223 536
4 -6960 -15791 536
10 -6573 -4787 536
18 5920 -6359 536
1 2497 -12000 537
2 369 -6519 537
3 -7799 -16099 537
4 -7114 -15724 537
10 -6651 -4752 537
18 5949 -6251 537
1 2490 -12043 538
2 331 -6426 538
3 -7982 -15982 538
4 -7247 -15665 538
10 -6728 -4716 538
18 5988 -6132 538
1 2470 -12090 539
2 293 -6335 539
3 -8156 -15875 539
4 -7361 -15613 539
10 -6804 -4681 539
18 6035 -6005 539
1 2434 -12145 540
2 254 -6245 540
3 -8316 -15784 540
4 -7460 -15567 540
10 -6878 -4646 540
18 6084 -5872 540
1 2382 -12207 541
2 215 -6154 541
3 -8463 -15708 541
4 -7551 -15525 541
10 -6950 -4611 541
18 6134 -5737 541
1 2319 -12275 542
2 175 -6064 542
3 -8600 -15643 542
4 -7639 -15483 542
10 -7021 -4576 542
18 6185 -5602 542
1 2251 -12345 543
2 136 -5973 543
3 -8728 -15585 543
4 -7727 -15442 543
10 -7091 -4542 543
18 6236 -5465 543
1 2183 -12418 544
2 96 -5881 544
3 -8850 -15530 544
4 -7813 -15402 544
10 -7161 -4507 544
18 6288 -5327 544
1 2116 -12492 545
2 57 -5790 545
3 -8962 -15478 545
4 -7898 -15366 545
10 -7231 -4473 545
18 6340 -5187 545
1 2052 -12568 546
2 17 -5698 546
3 -9060 -15429 546
4 -7981 -15335 546
10 -7301 -4439 546
18 6392 -5048 546
1 1990 -12645 547
2 -23 -5605 547
3 -9146 -15384 547
4 -8060 -15312 547
10 -7373 -4407 547
18 6443 -4910 547
1 1929 -12722 548
2 -63 -5513 548
3 -9218 -15340 548
4 -8135 -15297 548
10 -7449 -4380 548
18 6489 -4778 548
1 1870 -12798 549
2 -104 -5420 549
3 -9277 -15299 549
4 -8208 -15289 549
10 -7532 -4363 549
18 6526 -4658 549
1 1813 -12870 550
2 -144 -5326 550
3 -9318 -15259 550
4 -8281 -15286 550
10 -7624 -4359 550
18 6550 -4556 550
1 1761 -12937 551
2 -184 -5233 551
3 -9337 -15221 551
4 -8356 -15292 551
10 -7726 -4367 551
18 6562 -4470 551
1 1719 -12990 552
2 -225 -5138 552
3 -9334 -15185 552
4 -8437 -15310 552
10 -7835 -4384 552
18 6565 -4398 552
1 1689 -13028 553
2 -266 -5044 553
3 -9315 -15150 553
4 -8525 -15346 553
10 -7947 -4407 553
18 6563 -4332 553
1 1672 -13049 554
2 -307 -4949 554
3 -9287 -15115 554
4 -8620 -15398 554
10 -8060 -4432 554
18 6559 -4269 554
1 1664 -13058 555
2 -348 -4854 555
3 -9256 -15080 555
4 -8720 -15462 555
10 -8173 -4457 555
18 6554 -4207 555
1 1661 -13061 556
2 -389 -4759 556
3 -9223 -15046 556
4 -8820 -15531 556
10 -8286 -4482 556
18 6549 -4144 556
1 1660 -13062 557
2 -431 -4663 557
3 -9190 -15011 557
4 -8918 -15602 557
10 -8400 -4506 557
18 6545 -4084 557
1 1659 -13062 558
2 -472 -4566 558
3 -9158 -14976 558
4 -9008 -15670 558
10 -8515 -4532 558
18 6541 -4028 558
1 1659 -13061 559
2 -514 -4470 559
3 -9125 -14941 559
4 -9088 -15735 559
10 -8634 -4557 559
18 6538 -3979 559
1 1658 -13061 560
2 -556 -4373 560
3 -9092 -14906 560
4 -9159 -15796 560
10 -8759 -4584 560
18 6536 -3942 560
1 1658 -13061 561
2 -598 -4276 561
3 -9059 -14870 561
4 -9223 -15855 561
10 -8889 -4611 561
18 6536 -3915 561
1 1657 -13061 562
2 -641 -4179 562
3 -9025 -14835 562
4 -9283 -15913 562
10 -9022 -4639 562
18 6536 -3896 562
1 1656 -13061 563
2 -687 -4084 563
3 -8992 -14799 563
4 -9341 -15969 563
10 -9158 -4668 563
18 6536 -3883 563
1 1656 -13060 564
2 -743 -3996 564
3 -8958 -14763 564
4 -9399 -16025 564
10 -9293 -4696 564
18 6531 -3874 564
1 1655 -13060 565
2 -814 -3919 565
3 -8925 -14727 565
4 -9456 -16081 565
10 -9429 -4724 565
18 6512 -3874 565
1 1655 -13060 566
2 -907 -3860 566
3 -8891 -14691 566
4 -9512 -16137 566
10 -9563 -4752 566
18 6469 -3887 566
1 1654 -13060 567
2 -1021 -3817 567
3 -8857 -14655 567
4 -9569 -16192 567
10 -9697 -4780 567
18 6393 -3920 567
1 1654 -13059 568
2 -1151 -3787 568
3 -8823 -14619 568
4 -9625 -16246 568
10 -9831 -4807 568
18 6285 -3971 568
1 1653 -13059 569
2 -1289 -3764 569
3 -8789 -14582 569
4 -9680 -16300 569
10 -9963 -4835 569
18 6158 -4037 569
1 1653 -13059 570
2 -1430 -3743 570
3 -8754 -14545 570
4 -9735 -16354 570
10 -10095 -4862 570
18 6028 -4111 570
1 1652 -13059 571
2 -1572 -3724 571
3 -8720 -14509 571
4 -9789 -16408 571
10 -10227 -4889 571
18 5911 -4189 571
1 1652 -13058 572
2 -1713 -3704 572
3 -8685 -14472 572
4 -9837 -16460 572
10 -10357 -4916 572
18 5817 -4271 572
1 1651 -13058 573
2 -1854 -3684 573
3 -8650 -14435 573
4 -9873 -16509 573
10 -10482 -4943 573
18 5747 -4355 573
1 1651 -13058 574
2 -1994 -3665 574
3 -8615 -14397 574
4 -9887 -16554 574
10 -10596 -4971 574
18 5695 -4441 574
1 1650 -13058 575
2 -2134 -3645 575
3 -8578 -14360 575
4 -9871 -16593 575
10 -10690 -4998 575
18 5652 -4528 575
1 1650 -13057 576
2 -2273 -3626 576
3 -8536 -14321 576
4 -9825 -16626 576
5 6491 -9972 576
10 -10757 -5021 576
18 5614 -4616 576
1 1649 -13057 577
2 -2413 -3606 577
3 -8478 -14281 577
4 -9758 -16655 577
5 6405 -9895 577
10 -10796 -5039 577
18 5581 -4705 577
1 1648 -13057 578
2 -2551 -3587 578
3 -8392 -14237 578
4 -9678 -16682 578
5 6300 -9800 578
18 5556 -4797 578
1 1648 -13057 579
2 -2690 -3567 579
3 -8268 -14188 579
4 -9594 -16708 579
5 6185 -9697 579
18 5548 -4895 579
1 1647 -13057 580
2 -2828 -3548 580
3 -8105 -14135 580
4 -9508 -16734 580
5 6066 -9590 580
18 5562 -5002 580
1 1647 -13056 581
2 -2966 -3529 581
3 -7911 -14077 581
4 -9423 -16760 581
5 5945 -9481 581
18 5598 -5117 581
1 1646 -13056 582
2 -3103 -3509 582
3 -7700 -14018 582
4 -9340 -16784 582
5 5824 -9373 582
18 5649 -5239 582
1 1646 -13056 583
2 -3240 -3490 583
3 -7480 -13956 583
4 -9260 -16807 583
5 5704 -9264 583
18 5709 -5364 583
1 1645 -13056 584
2 -3376 -3470 584
3 -7255 -13894 584
4 -9184 -16828 584
5 5583 -9155 584
18 5772 -5491 584
1 1645 -13056 585
2 -3513 -3451 585
3 -7028 -13832 585
4 -9114 -16845 585
5 5462 -9046 585
18 5835 -5618 585
1 1644 -13055 586
2 -3649 -3432 586
3 -6796 -13769 586
4 -9046 -16862 586
5 5341 -8937 586
18 5897 -5748 586
1 1644 -13055 587
2 -3784 -3413 587
3 -6561 -13707 587
4 -8981 -16877 587
5 5220 -8828 587
18 5956 -5882 587
1 1643 -13055 588
2 -3919 -3393 588
3 -6320 -13646 588
4 -8916 -16892 588
5 5099 -8718 588
18 6011 -6023 588
1 1642 -13055 589
2 -4054 -3374 589
3 -6072 -13587 589
4 -8851 -16906 589
5 4977 -8609 589
18 6062 -6170 589
1 1642 -13054 590
2 -4189 -3355 590
3 -5818 -13532 590
4 -8788 -16921 590
5 4856 -8499 590
18 6111 -6321 590
1 1641 -13054 591
2 -4323 -3336 591
3 -5558 -13477 591
4 -8728 -16934 591
5 4734 -8389 591
18 6158 -6474 591
1 1641 -13054 592
2 -4457 -3317 592
3 -5294 -13424 592
4 -8674 -16946 592
5 4613 -8279 592
18 6204 -6628 592
1 1640 -13053 593
2 -4591 -3298 593
3 -5025 -13370 593
4 -8627 -16956 593
5 4491 -8169 593
18 6249 -6780 593
1 1640 -13053 594
2 -4724 -3279 594
3 -4752 -13316 594
4 -8586 -16963 594
5 4369 -8058 594
18 6295 -6932 594
1 1639 -13053 595
2 -4857 -3260 595
3 -4475 -13262 595
4 -8547 -16970 595
5 4247 -7948 595
18 6340 -7084 595
1 1639 -13053 596
2 -4989 -3241 596
3 -4197 -13207 596
4 -8501 -16977 596
5 4125 -7837 596
18 6386 -7237 596
1 1638 -13052 597
2 -5122 -3222 597
3 -3921 -13153 597
4 -8445 -16986 597
5 4003 -7726 597
18 6431 -7391 597
1 1638 -13052 598
2 -5254 -3203 598
3 -3651 -13100 598
4 -8377 -16996 598
5 3880 -7615 598
18 6476 -7546 598
1 1637 -13052 599
2 -5386 -3184 599
3 -3391 -13050 599
4 -8300 -17008 599
5 3758 -7504 599
18 6521 -7701 599
1 1637 -13052 600
2 -5517 -3165 600
3 -3142 -13002 600
4 -8217 -17021 600
5 3635 -7392 600
18 6566 -7856 600
1 1636 -13052 601
2 -5648 -3146 601
3 -2901 -12956 601
4 -8133 -17034 601
5 3513 -7281 601
18 6611 -8011 601
1 1635 -13051 602
2 -5777 -3127 602
3 -2662 -12911 602
4 -8047 -17048 602
5 3393 -7171 602
18 6655 -8164 602
1 1635 -13051 603
2 -5902 -3109 603
3 -2423 -12865 603
4 -7962 -17061 603
5 3276 -7064 603
18 6700 -8317 603
1 1634 -13051 604
2 -6020 -3091 604
3 -2182 -12820 604
4 -7876 -17075 604
5 3164 -6959 604
18 6744 -8469 604
1 1634 -13051 605
2 -6129 -3074 605
3 -1938 -12774 605
4 -7790 -17088 605
5 3056 -6858 605
18 6788 -8620 605
1 1633 -13051 606
2 -6230 -3057 606
3 -1691 -12727 606
4 -7704 -17102 606
5 2952 -6760 606
18 6832 -8770 606
1 1633 -13050 607
2 -6323 -3042 607
3 -1441 -12680 607
4 -7618 -17116 607
5 2850 -6662 607
18 6875 -8920 607
1 1632 -13050 608
2 -6413 -3026 608
3 -1188 -12632 608
4 -7531 -17130 608
5 2748 -6565 608
18 6919 -9068 608
1 1632 -13050 609
2 -6501 -3011 609
3 -932 -12584 609
4 -7444 -17144 609
5 2646 -6468 609
18 6962 -9215 609
1 1631 -13050 610
2 -6589 -2996 610
3 -676 -12532 610
4 -7357 -17158 610
5 2544 -6371 610
18 7003 -9355 610
1 1631 -13049 611
2 -6676 -2981 611
3 -426 -12474 611
4 -7270 -17172 611
5 2442 -6273 611
6 -10638 -5497 611
18 7040 -9483 611
1 1630 -13049 612
2 -6761 -2967 612
3 -188 -12403 612
4 -7183 -17186 612
5 2339 -6176 612
6 -10545 -5468 612
18 7071 -9587 612
1 1629 -13049 613
2 -6842 -2954 613
3 32 -12315 613
4 -7096 -17200 613
5 2237 -6078 613
6 -10431 -5433 613
18 7092 -9659 613
1 1628 -13048 614
2 -6915 -2945 614
3 231 -12211 614
4 -7011 -17213 614
5 2134 -5979 614
6 -10306 -5393 614
1 1625 -13042 615
2 -6977 -2940 615
3 412 -12095 615
4 -6931 -17225 615
5 2033 -5877 615
6 -10175 -5352 615
1 1617 -13026 616
2 -7029 -2939 616
3 578 -11976 616
4 -6863 -17233 616
5 1937 -5771 616
6 -10043 -5311 616
1 1600 -12991 617
2 -7072 -2942 617
3 732 -11855 617
4 -6809 -17237 617
5 1845 -5662 617
6 -9909 -5269 617
1 1571 -12929 618
2 -7111 -2946 618
3 880 -11735 618
4 -6769 -17237 618
5 1756 -5556 618
6 -9775 -5227 618
1 1529 -12842 619
2 -7148 -2952 619
3 1032 -11613 619
4 -6741 -17232 619
5 1663 -5460 619
6 -9640 -5185 619
1 1478 -12734 620
2 -7185 -2957 620
3 1196 -11483 620
4 -6720 -17222 620
5 1564 -5373 620
6 -9505 -5142 620
1 1422 -12615 621
2 -7222 -2962 621
3 1376 -11345 621
4 -6702 -17203 621
5 1462 -5293 621
6 -9368 -5099 621
1 1363 -12492 622
2 -7258 -2967 622
3 1570 -11199 622
4 -6689 -17167 622
5 1357 -5216 622
6 -9231 -5056 622
1 1304 -12366 623
2 -7295 -2973 623
3 1773 -11049 623
4 -6681 -17109 623
5 1251 -5140 623
6 -9092 -5013 623
1 1244 -12239 624
2 -7332 -2978 624
3 1982 -10895 624
4 -6677 -17031 624
5 1145 -5064 624
6 -8954 -4969 624
1 1184 -12108 625
2 -7368 -2983 625
3 2195 -10738 625
4 -6679 -16938 625
5 1039 -4988 625
6 -8814 -4925 625
1 1124 -11972 626
2 -7405 -2988 626
3 2411 -10578 626
4 -6683 -16843 626
5 933 -4912 626
6 -8673 -4881 626
1 1063 -11827 627
2 -7441 -2993 627
3 2632 -10416 627
4 -6691 -16751 627
5 827 -4836 627
6 -8532 -4836 627
1 1001 -11673 628
2 -7478 -2999 628
3 2855 -10251 628
4 -6702 -16666 628
5 721 -4759 628
6 -8389 -4791 628
1 939 -11513 629
2 -7514 -3004 629
3 3083 -10083 629
4 -6714 -16587 629
5 615 -4683 629
6 -8246 -4746 629
1 876 -11350 630
2 -7550 -3009 630
3 3314 -9913 630
4 -6727 -16511 630
5 509 -4607 630
6 -8102 -4701 630
1 813 -11185 631
2 -7584 -3015 631
3 3550 -9740 631
4 -6741 -16436 631
5 402 -4531 631
6 -7957 -4655 631
1 749 -11023 632
2 -7614 -3022 632
3 3789 -9564 632
4 -6755 -16361 632
5 294 -4456 632
6 -7811 -4609 632
1 684 -10866 633
2 -7637 -3032 633
3 4033 -9384 633
4 -6769 -16286 633
5 184 -4387 633
6 -7664 -4562 633
1 618 -10718 634
2 -7651 -3046 634
3 4279 -9203 634
4 -6783 -16210 634
5 68 -4326 634
6 -7516 -4515 634
1 552 -10579 635
2 -7654 -3062 635
3 4524 -9021 635
4 -6795 -16137 635
5 -54 -4276 635
6 -7368 -4468 635
1 484 -10446 636
2 -7650 -3082 636
3 4760 -8841 636
4 -6803 -16069 636
5 -182 -4238 636
6 -7219 -4421 636
1 416 -10316 637
2 -7642 -3102 637
3 4973 -8671 637
4 -6805 -16012 637
5 -315 -4209 637
6 -7070 -4374 637
1 347 -10187 638
2 -7633 -3124 638
3 5153 -8513 638
4 -6796 -15968 638
5 -450 -4185 638
6 -6923 -4328 638
1 278 -10057 639
2 -7623 -3145 639
3 5299 -8371 639
4 -6778 -15939 639
5 -586 -4162 639
6 -6778 -4283 639
1 209 -9928 640
2 -7614 -3166 640
3 5420 -8238 640
4 -6753 -15921 640
5 -722 -4140 640
6 -6636 -4239 640
1 140 -9797 641
2 -7604 -3187 641
3 5527 -8111 641
4 -6725 -15907 641
5 -858 -4118 641
6 -6496 -4195 641
1 72 -9666 642
2 -7593 -3209 642
3 5629 -7986 642
4 -6698 -15891 642
5 -993 -4096 642
6 -6356 -4152 642
1 9 -9536 643
2 -7581 -3230 643
3 5731 -7860 643
4 -6677 -15868 643
5 -1128 -4074 643
6 -6216 -4108 643
1 -45 -9406 644
2 -7561 -3252 644
3 5833 -7733 644
4 -6662 -15836 644
5 -1262 -4052 644
6 -6075 -4065 644
1 -87 -9278 645
2 -7530 -3274 645
3 5937 -7604 645
4 -6655 -15793 645
5 -1396 -4030 645
6 -5933 -4021 645
1 -117 -9151 646
2 -7483 -3297 646
3 6041 -7475 646
4 -6654 -15744 646
5 -1530 -4008 646
6 -5791 -3977 646
1 -138 -9024 647
2 -7421 -3321 647
3 6146 -7344 647
4 -6655 -15690 647
5 -1663 -3985 647
6 -5647 -3932 647
1 -152 -8898 648
2 -7346 -3345 648
3 6248 -7213 648
4 -6657 -15634 648
5 -1794 -3960 648
6 -5503 -3887 648
1 -159 -8771 649
2 -7265 -3370 649
3 6343 -7082 649
4 -6660 -15578 649
5 -1924 -3935 649
6 -5358 -3842 649
1 -157 -8643 650
2 -7182 -3395 650
3 6422 -6952 650
4 -6663 -15521 650
5 -2051 -3909 650
6 -5212 -3797 650
1 -142 -8515 651
2 -7097 -3420 651
3 6482 -6825 651
4 -6666 -15464 651
5 -2178 -3885 651
6 -5064 -3751 651
1 -116 -8387 652
2 -7013 -3445 652
3 6520 -6701 652
4 -6671 -15407 652
5 -2305 -3866 652
6 -4916 -3706 652
1 -80 -8257 653
2 -6929 -3470 653
3 6542 -6579 653
4 -6678 -15350 653
5 -2432 -3851 653
6 -4764 -3661 653
1 -39 -8127 654
2 -6844 -3495 654
3 6557 -6457 654
4 -6691 -15293 654
5 -2559 -3838 654
6 -4609 -3617 654
1 5 -7995 655
2 -6760 -3520 655
3 6567 -6336 655
4 -6712 -15237 655
5 -2686 -3827 655
6 -4448 -3575 655
1 51 -7862 656
2 -6675 -3545 656
3 6577 -6214 656
4 -6741 -15180 656
5 -2813 -3816 656
6 -4282 -3534 656
1 100 -7729 657
2 -6590 -3570 657
3 6587 -6091 657
4 -6776 -15124 657
5 -2940 -3805 657
6 -4111 -3495 657
1 156 -7595 658
2 -6503 -3597 658
3 6597 -5967 658
4 -6817 -15068 658
5 -3066 -3794 658
6 -3938 -3456 658
1 221 -7461 659
2 -6412 -3626 659
3 6607 -5841 659
4 -6865 -15009 659
5 -3192 -3783 659
6 -3763 -3418 659
1 294 -7326 660
2 -6318 -3657 660
3 6614 -5713 660
4 -6925 -14948 660
5 -3317 -3773 660
6 -3587 -3379 660
7 2903 -13317 660
1 374 -7191 661
2 -6219 -3691 661
3 6615 -5581 661
4 -7001 -14884 661
5 -3442 -3762 661
6 -3409 -3340 661
7 2762 -13193 661
1 458 -7055 662
2 -6117 -3727 662
3 6604 -5446 662
4 -7093 -14816 662
5 -3567 -3751 662
6 -3230 -3300 662
7 2588 -13041 662
1 545 -6918 663
2 -6013 -3764 663
3 6574 -5310 663
4 -7196 -14745 663
5 -3693 -3741 663
6 -3050 -3261 663
7 2398 -12875 663
1 632 -6779 664
2 -5909 -3802 664
3 6525 -5176 664
4 -7306 -14672 664
5 -3820 -3732 664
6 -2869 -3221 664
7 2201 -12702 664
1 722 -6641 665
2 -5804 -3840 665
3 6463 -5045 665
4 -7418 -14599 665
5 -3950 -3724 665
6 -2688 -3181 665
7 2002 -12528 665
1 813 -6504 666
2 -5699 -3878 666
3 6393 -4915 666
4 -7531 -14526 666
5 -4084 -3720 666
6 -2506 -3143 666
7 1802 -12353 666
1 908 -6372 667
2 -5594 -3916 667
3 6320 -4786 667
4 -7644 -14453 667
5 -4222 -3719 667
6 -2326 -3108 667
7 1602 -12177 667
1 1008 -6246 668
2 -5489 -3953 668
3 6244 -4657 668
4 -7758 -14380 668
5 -4364 -3719 668
6 -2149 -3076 668
7 1401 -12002 668
1 1113 -6128 669
2 -5385 -3991 669
3 6164 -4531 669
4 -7871 -14307 669
5 -4506 -3721 669
6 -1974 -3048 669
7 1200 -11826 669
1 1222 -6014 670
2 -5279 -4029 670
3 6074 -4413 670
4 -7985 -14233 670
5 -4649 -3723 670
6 -1801 -3023 670
7 998 -11652 670
1 1333 -5902 671
2 -5174 -4067 671
3 5964 -4308 671
4 -8099 -14160 671
5 -4791 -3725 671
6 -1629 -2999 671
7 795 -11480 671
1 1446 -5791 672
2 -5069 -4105 672
3 5829 -4223 672
4 -8213 -14087 672
5 -4933 -3727 672
6 -1456 -2976 672
7 590 -11313 672
1 1560 -5679 673
2 -4964 -4143 673
3 5668 -4157 673
4 -8327 -14014 673
5 -5074 -3729 673
6 -1283 -2953 673
7 382 -11155 673
1 1675 -5566 674
2 -4858 -4181 674
3 5488 -4106 674
4 -8442 -13941 674
5 -5215 -3731 674
6 -1108 -2930 674
7 172 -11004 674
1 1791 -5452 675
2 -4751 -4219 675
3 5300 -4063 675
4 -8557 -13867 675
5 -5355 -3733 675
6 -932 -2907 675
7 -39 -10860 675
1 1908 -5336 676
2 -4640 -4257 676
3 5107 -4023 676
4 -8671 -13794 676
5 -5495 -3734 676
6 -756 -2884 676
7 -251 -10718 676
1 2027 -5220 677
2 -4522 -4297 677
3 4913 -3984 677
4 -8786 -13721 677
5 -5634 -3736 677
6 -578 -2860 677
7 -463 -10578 677
1 2149 -5103 678
2 -4395 -4337 678
3 4717 -3945 678
4 -8901 -13647 678
5 -5772 -3739 678
6 -400 -2836 678
7 -676 -10438 678
1 2278 -4985 679
2 -4258 -4378 679
3 4514 -3905 679
4 -9014 -13575 679
5 -5909 -3742 679
6 -220 -2812 679
7 -888 -10298 679
1 2420 -4866 680
2 -4114 -4420 680
3 4304 -3864 680
4 -9122 -13503 680
5 -6041 -3749 680
6 -38 -2786 680
7 -1101 -10158 680
1 2577 -4746 681
2 -3966 -4462 681
3 4086 -3822 681
4 -9222 -13433 681
5 -6166 -3762 681
6 145 -2757 681
7 -1314 -10018 681
1 2752 -4625 682
2 -3817 -4505 682
3 3863 -3779 682
4 -9309 -13365 682
5 -6282 -3783 682
6 330 -2721 682
7 -1527 -9878 682
1 2939 -4503 683
2 -3667 -4548 683
3 3637 -3736 683
4 -9385 -13301 683
5 -6388 -3812 683
6 519 -2676 683
7 -1740 -9738 683
1 3135 -4379 684
2 -3516 -4591 684
3 3411 -3693 684
4 -9451 -13238 684
5 -6488 -3848 684
6 711 -2622 684
7 -1954 -9598 684
1 3335 -4254 685
2 -3366 -4633 685
3 3186 -3650 685
4 -9513 -13175 685
5 -6583 -3886 685
6 905 -2561 685
7 -2167 -9458 685
1 3538 -4128 686
2 -3215 -4676 686
3 2962 -3607 686
4 -9570 -13112 686
5 -6674 -3926 686
6 1103 -2496 686
7 -2378 -9319 686
1 3744 -4000 687
2 -3066 -4720 687
3 2739 -3564 687
4 -9622 -13046 687
5 -6760 -3967 687
6 1301 -2430 687
7 -2585 -9182 687
1 3950 -3872 688
2 -2922 -4766 688
3 2521 -3523 688
4 -9664 -12974 688
5 -6833 -4009 688
6 1501 -2362 688
7 -2784 -9050 688
1 4149 -3749 689
2 -2786 -4814 689
3 2309 -3486 689
4 -9693 -12895 689
5 -6881 -4055 689
6 1698 -2296 689
7 -2971 -8924 689
1 4329 -3639 690
2 -2662 -4866 690
3 2111 -3456 690
4 -9710 -12808 690
5 -6896 -4105 690
6 1891 -2230 690
7 -3146 -8805 690
1 4470 -3555 691
2 -2551 -4922 691
3 1931 -3434 691
4 -9716 -12715 691
5 -6879 -4159 691
6 2076 -2166 691
7 -3313 -8691 691
1 4557 -3509 692
2 -2448 -4981 692
3 1768 -3422 692
4 -9718 -12618 692
5 -6838 -4217 692
6 2255 -2104 692
7 -3476 -8579 692
1 4587 -3500 693
2 -2350 -5042 693
3 1618 -3417 693
4 -9717 -12520 693
5 -6785 -4276 693
6 2428 -2044 693
7 -3637 -8467 693
1 4578 -3518 694
2 -2254 -5103 694
3 1475 -3415 694
4 -9716 -12420 694
5 -6726 -4336 694
6 2599 -1984 694
7 -3797 -8356 694
1 4549 -3549 695
2 -2158 -5165 695
3 1334 -3415 695
4 -9716 -12320 695
5 -6666 -4395 695
6 2770 -1924 695
7 -3958 -8245 695
1 4513 -3586 696
2 -2063 -5226 696
3 1192 -3417 696
4 -9720 -12219 696
5 -6604 -4453 696
6 2941 -1863 696
7 -4119 -8134 696
1 4474 -3625 697
2 -1967 -5290 697
3 1046 -3421 697
4 -9728 -12118 697
5 -6538 -4508 697
6 3114 -1802 697
7 -4280 -8022 697
8 7622 -8698 697
1 4423 -3673 698
2 -1871 -5355 698
3 894 -3428 698
4 -9745 -12016 698
5 -6465 -4555 698
6 3288 -1741 698
7 -4442 -7910 698
8 7459 -8652 698
1 4346 -3738 699
2 -1773 -5424 699
3 737 -3438 699
4 -9769 -11913 699
5 -6383 -4594 699
6 3464 -1679 699
7 -4603 -7798 699
8 7262 -8596 699
1 4236 -3825 700
2 -1675 -5495 700
3 575 -3450 700
4 -9798 -11810 700
5 -6291 -4625 700
6 3641 -1617 700
7 -4764 -7686 700
8 7045 -8535 700
1 4099 -3929 701
2 -1576 -5569 701
3 412 -3464 701
4 -9831 -11706 701
5 -6192 -4648 701
6 3819 -1554 701
7 -4922 -7573 701
8 6823 -8472 701
1 3947 -4044 702
2 -1477 -5644 702
3 249 -3478 702
4 -9866 -11602 702
5 -6088 -4669 702
6 3998 -1491 702
7 -5079 -7460 702
8 6599 -8409 702
1 3789 -4162 703
2 -1378 -5720 703
3 87 -3492 703
4 -9900 -11497 703
5 -5984 -4690 703
6 4179 -1427 703
7 -5233 -7346 703
8 6376 -8346 703
1 3630 -4281 704
2 -1280 -5796 704
3 -75 -3506 704
4 -9936 -11391 704
5 -5882 -4715 704
6 4361 -1363 704
7 -5385 -7231 704
8 6154 -8284 704
1 3473 -4398 705
2 -1181 -5871 705
3 -236 -3520 705
4 -9971 -11284 705
5 -5783 -4748 705
6 4545 -1298 705
7 -5536 -7116 705
8 5933 -8221 705
1 3317 -4514 706
2 -1082 -5946 706
3 -397 -3537 706
4 -10007 -11177 706
5 -5689 -4791 706
6 4730 -1233 706
7 -5688 -7001 706
8 5716 -8159 706
1 3163 -4629 707
2 -983 -6022 707
3 -561 -3560 707
4 -10043 -11069 707
5 -5601 -4845 707
6 4916 -1167 707
7 -5840 -6885 707
8 5503 -8099 707
1 3011 -4743 708
2 -885 -6097 708
3 -728 -3594 708
4 -10079 -10961 708
5 -5518 -4907 708
6 5104 -1100 708
7 -5992 -6769 708
8 5298 -8039 708
1 2860 -4856 709
2 -786 -6172 709
3 -902 -3643 709
4 -10115 -10852 709
5 -5436 -4973 709
6 5294 -1033 709
7 -6144 -6653 709
8 5104 -7981 709
1 2710 -4967 710
2 -688 -6247 710
3 -1081 -3706 710
4 -10152 -10742 710
5 -5355 -5040 710
6 5485 -966 710
7 -6297 -6536 710
8 4921 -7925 710
1 2561 -5077 711
2 -590 -6323 711
3 -1263 -3780 711
4 -10189 -10631 711
5 -5275 -5108 711
6 5677 -898 711
7 -6451 -6420 711
8 4746 -7871 711
1 2414 -5186 712
2 -492 -6402 712
3 -1447 -3858 712
4 -10226 -10519 712
5 -5195 -5175 712
6 5871 -829 712
7 -6605 -6303 712
8 4575 -7817 712
1 2268 -5292 713
2 -395 -6488 713
3 -1629 -3939 713
4 -10264 -10407 713
5 -5115 -5243 713
6 6066 -760 713
7 -6758 -6188 713
8 4406 -7763 713
1 2129 -5398 714
2 -298 -6585 714
3 -1811 -4019 714
4 -10301 -10294 714
5 -5035 -5310 714
6 6263 -691 714
7 -6911 -6078 714
8 4239 -7709 714
1 2005 -5504 715
2 -199 -6689 715
3 -1991 -4098 715
4 -10335 -10181 715
5 -4955 -5378 715
6 6462 -621 715
7 -7061 -5976 715
8 4071 -7656 715
1 1910 -5610 716
2 -95 -6797 716
3 -2169 -4177 716
4 -10361 -10068 716
5 -4876 -5445 716
6 6662 -550 716
7 -7207 -5887 716
8 3905 -7603 716
1 1856 -5717 717
2 15 -6899 717
3 -2345 -4256 717
4 -10373 -9958 717
5 -4797 -5512 717
6 6864 -479 717
7 -7350 -5811 717
8 3738 -7550 717
1 1850 -5817 718
2 131 -6994 718
3 -2518 -4336 718
4 -10365 -9850 718
5 -4717 -5579 718
6 7068 -406 718
7 -7490 -5744 718
8 3573 -7497 718
1 1896 -5901 719
2 251 -7084 719
3 -2685 -4420 719
4 -10336 -9745 719
5 -4638 -5646 719
6 7273 -334 719
7 -7628 -5682 719
8 3407 -7445 719
1 1989 -5959 720
2 371 -7171 720
3 -2843 -4511 720
4 -10290 -9644 720
5 -4559 -5713 720
6 7480 -261 720
7 -7766 -5622 720
8 3242 -7392 720
1 2121 -5992 721
2 492 -7257 721
3 -2988 -4614 721
4 -10232 -9547 721
5 -4480 -5781 721
6 7689 -187 721
7 -7903 -5563 721
8 3078 -7340 721
1 2281 -6005 722
2 613 -7342 722
3 -3122 -4727 722
4 -10166 -9455 722
5 -4401 -5851 722
6 7899 -112 722
7 -8041 -5503 722
8 2914 -7287 722
1 2455 -6008 723
2 734 -7428 723
3 -3246 -4848 723
4 -10093 -9368 723
5 -4322 -5924 723
6 8111 -37 723
7 -8178 -5444 723
8 2750 -7235 723
1 2635 -6006 724
2 855 -7513 724
3 -3365 -4972 724
4 -10016 -9283 724
5 -4244 -5999 724
6 8323 39 724
7 -8315 -5385 724
8 2587 -7183 724
1 2818 -6004 725
2 976 -7599 725
3 -3482 -5097 725
4 -9937 -9200 725
5 -4165 -6076 725
6 8534 116 725
7 -8451 -5329 725
8 2425 -7131 725
1 3002 -6001 726
2 1096 -7684 726
3 -3596 -5221 726
4 -9856 -9118 726
5 -4087 -6154 726
6 8742 193 726
7 -8584 -5276 726
8 2263 -7079 726
1 3187 -5998 727
2 1217 -7770 727
3 -3710 -5344 727
4 -9774 -9034 727
5 -4009 -6232 727
6 8943 273 727
7 -8714 -5228 727
8 2101 -7027 727
1 3371 -5994 728
2 1338 -7855 728
3 -3821 -5465 728
4 -9691 -8950 728
5 -3931 -6310 728
6 9138 353 728
7 -8840 -5186 728
8 1939 -6976 728
1 3552 -5987 729
2 1458 -7940 729
3 -3930 -5584 729
4 -9608 -8866 729
5 -3853 -6388 729
6 9329 435 729
7 -8964 -5147 729
8 1779 -6924 729
1 3726 -5976 730
2 1579 -8026 730
3 -4032 -5699 730
4 -9525 -8781 730
5 -3776 -6466 730
6 9519 518 730
7 -9087 -5110 730
8 1618 -6873 730
1 3890 -5958 731
2 1699 -8110 731
3 -4124 -5808 731
4 -9440 -8695 731
5 -3699 -6543 731
6 9708 601 731
7 -9209 -5074 731
8 1458 -6822 731
1 4044 -5933 732
2 1821 -8194 732
3 -4202 -5909 732
4 -9355 -8608 732
5 -3624 -6620 732
6 9899 685 732
7 -9330 -5038 732
8 1298 -6771 732
1 4190 -5903 733
2 1945 -8275 733
3 -4266 -6002 733
4 -9269 -8520 733
5 -3550 -6695 733
6 10091 769 733
7 -9452 -5002 733
8 1139 -6720 733
1 4327 -5870 734
2 2074 -8351 734
3 -4320 -6090 734
4 -9182 -8432 734
5 -3480 -6769 734
6 10285 853 734
7 -9573 -4967 734
8 979 -6669 734
1 4449 -5833 735
2 2210 -8420 735
3 -4368 -6174 735
4 -9095 -8343 735
5 -3413 -6841 735
6 10482 935 735
7 -9695 -4931 735
8 821 -6618 735
1 4546 -5792 736
2 2352 -8482 736
3 -4415 -6257 736
4 -9007 -8254 736
5 -3349 -6912 736
6 10681 1012 736
7 -9816 -4895 736
8 663 -6567 736
1 4606 -5746 737
2 2499 -8540 737
3 -4464 -6341 737
4 -8916 -8164 737
5 -3285 -6983 737
6 10885 1084 737
7 -9937 -4859 737
8 505 -6517 737
1 4623 -5696 738
2 2649 -8595 738
3 -4519 -6427 738
4 -8821 -8074 738
5 -3222 -7053 738
6 11092 1149 738
7 -10057 -4824 738
8 347 -6466 738
1 4600 -5642 739
2 2800 -8649 739
3 -4586 -6521 739
4 -8717 -7986 739
5 -3159 -7122 739
6 11302 1209 739
7 -10173 -4790 739
8 190 -6415 739
1 4542 -5586 740
2 2953 -8702 740
3 -4670 -6622 740
4 -8603 -7899 740
5 -3095 -7192 740
6 11515 1268 740
7 -10279 -4759 740
8 33 -6365 740
1 4457 -5530 741
2 3105 -8755 741
3 -4769 -6732 741
4 -8477 -7813 741
5 -3026 -7261 741
6 11729 1325 741
7 -10365 -4733 741
8 -123 -6315 741
1 4354 -5474 742
2 3260 -8806 742
3 -4880 -6848 742
4 -8343 -7729 742
5 -2949 -7331 742
6 11945 1383 742
7 -10425 -4716 742
8 -279 -6265 742
1 4243 -5419 743
2 3420 -8850 743
3 -4995 -6965 743
4 -8204 -7645 743
5 -2862 -7400 743
6 12162 1440 743
8 -435 -6215 743
1 4128 -5364 744
2 3587 -8881 744
3 -5112 -7082 744
4 -8062 -7561 744
5 -2764 -7469 744
6 12378 1495 744
8 -591 -6165 744
1 4007 -5313 745
2 3766 -8895 745
3 -5225 -7197 745
4 -7918 -7476 745
5 -2658 -7539 745
6 12588 1542 745
8 -746 -6115 745
1 3880 -5266 746
2 3956 -8892 746
3 -5332 -7308 746
4 -7772 -7390 746
5 -2548 -7608 746
6 12785 1574 746
8 -901 -6065 746
1 3743 -5225 747
2 4155 -8877 747
3 -5430 -7417 747
4 -7625 -7303 747
5 -2436 -7677 747
6 12965 1588 747
8 -1055 -6015 747
1 3597 -5191 748
2 4360 -8854 748
3 -5516 -7526 748
4 -7477 -7215 748
5 -2322 -7747 748
6 13126 1581 748
8 -1210 -5966 748
1 3445 -5161 749
2 4564 -8828 749
3 -5592 -7636 749
4 -7328 -7127 749
5 -2206 -7817 749
6 13273 1559 749
8 -1363 -5916 749
1 3289 -5134 750
2 4759 -8799 750
3 -5660 -7747 750
4 -7179 -7040 750
5 -2085 -7888 750
6 13413 1529 750
8 -1517 -5866 750
1 3132 -5108 751
2 4931 -8765 751
3 -5724 -7859 751
4 -7030 -6956 751
5 -1959 -7960 751
6 13550 1496 751
8 -1670 -5817 751
1 2976 -5083 752
2 5068 -8722 752
3 -5787 -7971 752
4 -6886 -6877 752
5 -1826 -8034 752
6 13686 1462 752
8 -1823 -5768 752
1 2820 -5057 753
2 5173 -8667 753
3 -5848 -8083 753
4 -6748 -6808 753
5 -1688 -8109 753
6 13817 1427 753
8 -1974 -5719 753
1 2665 -5032 754
2 5271 -8601 754
3 -5908 -8193 754
4 -6616 -6748 754
5 -1547 -8184 754
6 13938 1388 754
8 -2123 -5673 754
1 2509 -5007 755
2 5385 -8527 755
3 -5964 -8303 755
4 -6489 -6695 755
5 -1406 -8260 755
6 14039 1344 755
8 -2265 -5629 755
1 2350 -4987 756
2 5521 -8449 756
3 -6011 -8411 756
4 -6364 -6646 756
5 -1264 -8336 756
6 14111 1291 756
8 -2401 -5590 756
1 2183 -4977 757
2 5664 -8368 757
3 -6041 -8516 757
4 -6239 -6597 757
5 -1124 -8412 757
6 14153 1228 757
8 -2528 -5554 757
1 2000 -4985 758
2 5790 -8283 758
3 -6050 -8620 758
4 -6114 -6549 758
5 -985 -8487 758
6 14169 1153 758
8 -2651 -5522 758
1 1797 -5017 759
2 5885 -8194 759
3 -6038 -8722 759
4 -5988 -6501 759
5 -855 -8561 759
6 14161 1064 759
8 -2770 -5492 759
1 1574 -5074 760
2 5942 -8102 760
3 -6009 -8822 760
4 -5861 -6451 760
5 -737 -8634 760
6 14133 963 760
8 -2888 -5462 760
1 1337 -5148 761
2 5971 -8008 761
3 -5973 -8920 761
4 -5732 -6400 761
5 -639 -8704 761
6 14083 854 761
8 -3006 -5432 761
1 1095 -5231 762
2 5981 -7915 762
3 -5932 -9018 762
4 -5598 -6343 762
5 -558 -8771 762
6 14017 745 762
8 -3123 -5403 762
1 851 -5316 763
2 5974 -7828 763
3 -5888 -9115 763
4 -5456 -6276 763
5 -489 -8838 763
6 13938 642 763
8 -3240 -5373 763
1 608 -5402 764
2 5947 -7753 764
3 -5838 -9209 764
4 -5303 -6196 764
5 -421 -8905 764
6 13852 547 764
8 -3357 -5343 764
1 363 -5486 765
2 5894 -7697 765
3 -5776 -9300 765
4 -5140 -6102 765
5 -347 -8976 765
6 13763 456 765
8 -3472 -5314 765
1 114 -5569 766
2 5816 -7658 766
3 -5697 -9385 766
4 -4968 -5999 766
5 -260 -9053 766
6 13674 368 766
8 -3583 -5283 766
1 -143 -5649 767
2 5719 -7632 767
3 -5601 -9465 767
4 -4792 -5890 767
5 -159 -9134 767
6 13585 280 767
8 -3687 -5252 767
1 -407 -5728 768
2 5612 -7614 768
3 -5494 -9542 768
4 -4617 -5783 768
5 -49 -9220 768
6 13495 193 768
8 -3782 -5218 768
1 -675 -5805 769
2 5501 -7598 769
3 -5380 -9617 769
4 -4448 -5682 769
5 67 -9308 769
6 13405 107 769
8 -3868 -5184 769
1 -944 -5881 770
2 5390 -7583 770
3 -5264 -9691 770
4 -4289 -5591 770
5 184 -9397 770
6 13309 19 770
8 -3947 -5147 770
1 -1212 -5956 771
2 5279 -7569 771
3 -5147 -9765 771
4 -4139 -5510 771
5 303 -9486 771
6 13204 -69 771
8 -4023 -5110 771
1 -1476 -6029 772
2 5171 -7557 772
3 -5030 -9838 772
4 -3997 -5437 772
5 421 -9575 772
6 13087 -158 772
8 -4097 -5073 772
1 -1738 -6102 773
2 5070 -7551 773
3 -4913 -9912 773
4 -3859 -5368 773
5 539 -9664 773
6 12959 -249 773
8 -4170 -5036 773
1 -1996 -6174 774
2 4979 -7557 774
3 -4796 -9986 774
4 -3721 -5300 774
5 657 -9753 774
6 12821 -340 774
8 -4244 -4999 774
1 -2252 -6246 775
2 4904 -7577 775
3 -4680 -10059 775
4 -3583 -5233 775
5 775 -9841 775
6 12679 -431 775
8 -4318 -4961 775
1 -2505 -6316 776
2 4844 -7613 776
3 -4563 -10133 776
4 -3443 -5164 776
5 893 -9930 776
6 12537 -523 776
8 -4392 -4924 776
1 -2755 -6386 777
2 4794 -7660 777
3 -4447 -10206 777
4 -3302 -5096 777
5 1011 -10019 777
6 12395 -613 777
8 -4466 -4887 777
1 -3001 -6454 778
2 4751 -7712 778
3 -4331 -10280 778
4 -3158 -5030 778
5 1128 -10107 778
6 12254 -703 778
8 -4539 -4849 778
1 -3243 -6517 779
2 4710 -7768 779
3 -4214 -10353 779
4 -3010 -4966 779
5 1245 -10196 779
6 12113 -792 779
8 -4613 -4812 779
1 -3476 -6572 780
2 4669 -7830 780
3 -4098 -10426 780
4 -2856 -4907 780
5 1359 -10284 780
6 11974 -881 780
8 -4687 -4775 780
1 -3696 -6610 781
2 4625 -7905 781
3 -3982 -10500 781
4 -2696 -4852 781
5 1465 -10373 781
6 11833 -971 781
8 -4761 -4737 781
1 -3899 -6627 782
2 4577 -8003 782
3 -3866 -10573 782
4 -2532 -4801 782
5 1557 -10462 782
6 11691 -1061 782
8 -4834 -4700 782
1 -4088 -6623 783
2 4525 -8130 783
3 -3750 -10647 783
4 -2365 -4751 783
5 1630 -10551 783
6 11546 -1152 783
8 -4907 -4662 783
1 -4264 -6602 784
2 4473 -8282 784
3 -3634 -10720 784
4 -2195 -4701 784
5 1684 -10641 784
6 11399 -1245 784
8 -4976 -4621 784
1 -4430 -6573 785
2 4426 -8446 785
3 -3519 -10793 785
4 -2025 -4651 785
5 1724 -10731 785
6 11250 -1338 785
8 -5035 -4572 785
1 -4584 -6537 786
2 4391 -8606 786
3 -3403 -10867 786
4 -1853 -4601 786
5 1756 -10820 786
6 11102 -1431 786
8 -5077 -4511 786
1 -4719 -6496 787
2 4368 -8755 787
3 -3287 -10940 787
4 -1680 -4550 787
5 1785 -10910 787
6 10958 -1524 787
8 -5096 -4433 787
1 -4830 -6448 788
2 4355 -8894 788
3 -3172 -11013 788
4 -1506 -4499 788
5 1813 -10999 788
6 10824 -1615 788
8 -5096 -4342 788
1 -4918 -6393 789
2 4348 -9027 789
3 -3056 -11087 789
4 -1330 -4448 789
5 1841 -11087 789
6 10709 -1705 789
8 -5088 -4245 789
1 -4988 -6333 790
2 4342 -9156 790
3 -2941 -11160 790
4 -1153 -4396 790
5 1869 -11176 790
6 10618 -1792 790
8 -5084 -4154 790
1 -5048 -6271 791
2 4337 -9282 791
3 -2827 -11232 791
4 -976 -4344 791
5 1896 -11263 791
6 10551 -1876 791
8 -5090 -4073 791
1 -5103 -6210 792
2 4333 -9404 792
3 -2716 -11302 792
4 -804 -4294 792
5 1923 -11347 792
6 10503 -1955 792
8 -5104 -4002 792
1 -5152 -6154 793
2 4329 -9514 793
3 -2616 -11366 793
4 -646 -4247 793
5 1947 -11423 793
6 10467 -2027 793
8 -5121 -3943 793
1 -5192 -6107 794
2 4325 -9604 794
3 -2533 -11419 794
4 -516 -4209 794
5 1966 -11485 794
6 10441 -2085 794
8 -5137 -3895 794
1 -5221 -6075 795
2 4323 -9666 795
3 -2476 -11455 795
4 -424 -4182 795
5 1980 -11529 795
6 10423 -2126 795
8 -5149 -3862 795